RE-3_R2_CH13_A	9.78643	246.756	92.0438	9.35643	0.813424	1.90835	91.1377
RE-3_R2_CH13_B	9.89213	213.962	94.0028	9.41213	1.28233	2.08641	92.8286
RE-3_R3_CH13_A	9.97176	194.921	82.7033	9.50176	0.356828	1.90E+017	81.7304
RE-3_R3_CH13_B	9.8031	280.637	94.0445	9.4031	2.40297	1.41345	93.2572
RE-3_R3_CH13_C	9.81151	274.369	88.1173	9.42151	0.87268	3.87E+013	87.4378
RE-3_R2_CH19_A	9.84077	258.162	95.1064	9.41077	2.84175	1.99217	94.2223
RE-3_R2_CH19_B	9.80463	241.06	91.0221	9.37463	2.34388	1.93884	90.0752
RE-3_R3_CH19_A	9.77436	255.635	89.0903	9.36436	1.07707	1.49332	88.2919
RE-3_R3_CH19_B	9.72584	285.015	96.4276	9.32584	1.8607	1.43457	95.5832
RE-3_R3_CH19_C	9.72301	272.153	93.6852	9.31301	1.80271	1.54421	92.8928
RE-3_R2_CH25_A	9.78344	278.528	94.4281	9.38344	5.83777	1.49252	93.5932
RE-3_R2_CH25_B	9.85509	248.814	93.5597	9.42509	1.04968	2.3261	92.6045
RE-3_R3_CH25_A	9.84027	255.905	87.9759	9.43027	2.04432	1.49928	87.2365
RE-3_R3_CH25_B	9.88966	287.413	94.7286	9.48966	2.20105	1.49976	93.996
RE-3_R3_CH25_C	9.85696	286.439	94.0053	9.45696	7.70276	1.56893	93.2932
RE-3_R2_CH14_A	9.72883	288.068	94.5139	9.32883	1.17966	1.62827	93.7989
RE-3_R2_CH14_B	10.0206	193.763	97.8749	9.4906	1.00762	2.36664	96.4245
RE-3_R3_CH14_A	9.80857	225.101	83.6933	9.37857	3.05291	1.61501	82.8816
RE-3_R3_CH14_B	9.83803	264.538	95.8937	9.41803	2.02543	1.59624	94.9714
RE-3_R3_CH14_C	9.70229	344.605	98.0895	9.34229	0.581562	1.46373	97.4704
RE-3_R2_CH20_A	9.69834	280.285	97.6367	9.28834	1.35605	2.03462	96.7636
RE-3_R2_CH20_B	9.72006	257.925	91.1076	9.30006	0.827281	2.38819	90.3308
RE-3_R3_CH20_A	10.0216	186.277	86.4272	9.52162	0.358486	1.61465	85.2822
RE-3_R3_CH20_B	10.0286	248.68	96.666	9.58857	0.827232	1.55332	95.6327
RE-3_R3_CH20_C	9.9161	285.529	98.2363	9.5061	1.34036	1.63666	97.4075
RE-3_R2_CH26_A	9.79569	289.87	92.7501	9.40569	1.51365	1.77244	92.0476
RE-3_R2_CH26_B	9.79095	298.524	94.455	9.40095	1.04087	1.69399	93.7776
RE-3_R3_CH26_A	9.83396	278.918	91.895	9.43396	2.31125	1.69145	91.1857
RE-3_R3_CH26_B	9.80824	269.167	92.7065	9.39824	4.04595	1.55278	91.9204
RE-3_R3_CH26_C	9.70211	297.62	98.1611	9.30211	0.652674	1.5641	97.3995
RE-3_R2_CH15_A	9.7126	287.507	96.3786	9.3126	1.17929	1.83867	95.5706
RE-3_R2_CH15_B	9.71941	279.057	92.0566	9.31941	1.72426	1.8214	91.3416
RE-3_R3_CH15_A	9.65084	312.036	92.7437	9.28084	1.98456	1.39003	92.1102
RE-3_R3_CH15_B	9.73987	268.679	95.9016	9.31987	1.41398	1.56985	95.043
RE-3_R3_CH15_C	9.69745	287.399	96.0784	9.29745	3.08323	1.72806	95.2832
RE-3_R2_CH21_A	9.77109	264.74	94.7325	9.35109	1.80916	1.84493	93.8744
RE-3_R2_CH21_B	9.86492	231.708	89.6236	9.42492	1.12398	1.44E+015	88.6866
RE-3_R3_CH21_A	9.88583	261.501	93.2417	9.46583	0.797274	5.56E+019	92.4109
RE-3_R3_CH21_B	9.81621	305.445	94.8404	9.43621	2.39052	1.37502	94.1361
RE-3_R3_CH21_C	9.89015	249.992	93.4557	9.46015	1.77605	5.64E+008	92.5265
RE-3_R2_CH27_A	9.7779	276.154	97.1929	9.3679	1.2639	-6.91E+006	96.2813
RE-3_R2_CH27_B	9.796	275.82	95.2402	9.386	1.06739	1.7659	94.4229
RE-3_R3_CH27_A	9.85792	267.285	93.9834	9.44792	1.90904	1.76716	93.1056
RE-3_R3_CH27_B	9.82552	315.016	94.5943	9.44552	2.61387	1.39162	93.999
RE-3_R3_CH27_C	9.83768	265.227	93.163	9.42768	1.55972	1.53871	92.297
RE-3_R2_CH16_A	9.88879	214.944	87.4458	9.43879	2.17935	-1.09E+009	86.4106
RE-3_R2_CH16_B	9.75983	227.024	93.8499	9.29983	1.12725	1.78441	92.7676
RE-3_R3_CH16_A	9.89344	191.213	81.5943	9.42344	1.11353	1.68525	80.6103
RE-3_R3_CH16_B	9.82733	268.041	96.2412	9.40733	1.27824	1.59992	95.3555
RE-3_R3_CH16_C	9.74076	298.953	98.2575	9.34076	1.23668	1.52402	97.5078
RE-3_R2_CH22_A	9.80477	272.783	93.3547	9.39477	1.40722	1.66958	92.5867
RE-3_R2_CH22_B	9.8719	221.003	90.7295	9.4119	2.2947	1.95621	89.7147
RE-3_R3_CH22_A	9.91284	199.093	79.001	9.46284	2.7096	8.47E+015	78.1636
RE-3_R3_CH22_B	10.0765	195.474	87.129	9.59645	2.07345	4.21E+010	85.9713
RE-3_R3_CH22_C	9.8436	263.756	96.5906	9.4236	1.47046	1.59662	95.6174
RE-3_R2_CH28_A	9.84767	290.762	95.842	9.44767	1.22372	1.77788	95.1005
RE-3_R2_CH28_B	9.86017	228.223	93.9079	9.40017	2.76323	1.88158	92.8469
RE-3_R3_CH28_A	10.0052	220.153	86.6771	9.56523	0.367875	0.861851	85.6964
RE-3_R3_CH28_B	10.0398	221.814	86.9563	9.59981	1.01239	2.27E+014	85.991
RE-3_R3_CH28_C	9.88893	285.266	96.8903	9.47893	0.925445	1.65805	96.1215
RE-3_R2_CH17_A	9.82092	243.941	93.8692	9.38092	2.02949	1.74314	92.9104
RE-3_R2_CH17_B	9.73122	295.137	90.4864	9.35122	0.427016	1.76275	89.8549
RE-3_R3_CH17_A	9.82598	222.966	91.5446	9.36598	1.0629	1.52628	90.5202
RE-3_R3_CH17_B	9.77169	311.361	92.7008	9.40169	2.50035	1.33408	92.0622
RE-3_R3_CH17_C	9.76935	314.105	93.1734	9.39935	1.12269	1.44887	92.5432
RE-3_R2_CH23_A	9.75706	301.153	94.045	9.37706	2.82536	1.75464	93.327
RE-3_R2_CH23_B	9.6974	272.045	95.4862	9.2874	2.19415	2.04038	94.6018
RE-3_R3_CH23_A	9.91775	218.302	86.8979	9.46775	0.647635	1.35547	85.9636
RE-3_R3_CH23_B	9.81983	312.53	96.5712	9.43983	1.61707	4.93E+010	95.8708
RE-3_R3_CH23_C	9.8559	264.157	89.1194	9.4559	1.58802	1.33524	88.3493
RE-3_R2_CH29_A	9.81027	296.526	98.1596	9.41027	0.686798	1.74772	97.3844
RE-3_R2_CH29_B	9.92237	239.597	91.79	9.48237	0.557851	2.00594	90.8712
RE-3_R3_CH29_A	9.97985	245.706	91.3258	9.54985	0.534935	5.51E+009	90.4414
RE-3_R3_CH29_B	9.92098	293.007	97.0409	9.52098	1.52624	-2.66E+007	96.2728
RE-3_R3_CH29_C	9.90179	293.12	95.9665	9.50179	1.22435	1.53775	95.248
RE-3_R2_CH18_A	9.80753	212.198	93.6215	9.32753	1.54533	1.98481	92.4306
RE-3_R2_CH18_B	9.8016	187.503	75.6435	9.3516	2.45101	1.89314	74.7805
RE-3_R3_CH18_A	9.78765	214.211	80.4458	9.35765	1.87902	1.44641	79.6293
RE-3_R3_CH18_B	9.82311	288.931	92.6998	9.43311	3.22932	1.47853	91.9885
RE-3_R3_CH18_C	9.76124	311.883	97.3393	9.38124	1.81431	1.5531	96.5982
RE-3_R2_CH24_A	9.75717	275.534	92.326	9.35717	1.57271	1.68641	91.5534
RE-3_R2_CH24_B	9.78163	318.059	95.771	9.40163	1.74554	1.86585	95.1598
RE-3_R3_CH24_A	9.89463	201.851	75.3161	9.46463	1.78145	1.49579	74.5737
RE-3_R3_CH24_B	9.93757	257.97	95.2375	9.50757	0.690391	1.71419	94.3435
RE-3_R3_CH24_C	9.7984	310.987	98.6184	9.4084	1.4135	1.52689	97.9033
RE-3_R2_CH30_A	9.86899	279.69	93.3457	9.46899	0.221155	1.68952	92.5792
RE-3_R2_CH30_B	9.96802	256.721	96.9283	9.53802	0.308926	3.06E+015	95.9203
RE-3_R3_CH30_A	10.1264	179.045	108.991	9.52637	2.19823	1.89487	106.917
RE-3_R3_CH30_B	10.1031	201.617	91.6256	9.61312	1.31195	1.5346	90.4145
RE-3_R3_CH30_C	9.96483	249.183	96.0656	9.52483	2.2314	1.74156	95.0761
RE-2_R2_CH13_A	9.65787	261.955	97.311	9.22787	2.14114	1.96128	96.3711
RE-2_R2_CH13_B	9.65593	295.704	96.7759	9.25593	0.96126	2.14207	96.0526
RE-2_R2_CH13_C	9.60633	341.846	98.7462	9.23633	2.45872	2.18316	98.1616
RE-2_R3_CH13_B	9.7186	280.137	94.8763	9.3186	1.20459	1.74841	94.0414
RE-2_R3_CH13_C	9.69247	262.929	94.8338	9.27247	1.12502	1.60828	93.9426
RE-2_R2_CH19_A	9.68724	251.502	97.7285	9.24724	2.20124	2.52578	96.6855
RE-2_R2_CH19_B	9.64116	289.508	96.1547	9.24116	2.4814	2.41323	95.3832
RE-2_R2_CH19_C	9.64221	238.602	99.4203	9.18221	6.70874	2.67177	98.2332
RE-2_R3_CH19_B	9.73775	293.456	96.3569	9.33775	2.70585	1.68031	95.6252
RE-2_R3_CH19_C	9.7026	245.657	96.7278	9.2626	1.08002	1.7665	95.6329
RE-2_R2_CH25_A	9.75295	214.291	98.5595	9.26295	0.551121	2.17092	97.189
RE-2_R2_CH25_B	9.67784	280.707	96.1014	9.26784	0.436133	2.13525	95.3094
RE-2_R2_CH25_C	9.65387	243.98	99.0168	9.20387	3.99933	2.59094	97.857
RE-2_R3_CH25_B	9.7403	323.56	93.7337	9.3703	3.11313	1.44435	93.1707
RE-2_R3_CH25_C	9.68842	301.723	97.2622	9.29842	1.34206	1.53298	96.4987
RE-2_R2_CH14_A	9.68569	294.226	98.7164	9.28569	0.77424	2.09194	97.8853
RE-2_R2_CH14_B	9.66541	309.399	97.6631	9.27541	2.45105	2.18719	96.9708
RE-2_R2_CH14_C	9.62091	316.284	98.8232	9.24091	1.24061	2.27354	98.0668
RE-2_R3_CH14_B	9.82155	263.409	96.4624	9.40155	1.47236	1.61389	95.4905
RE-2_R3_CH14_C	9.72601	283.167	95.4083	9.32601	6.63615	1.60376	94.5889
RE-2_R2_CH20_A	9.79472	259.984	97.8288	9.36472	1.86052	2.0303	96.8269
RE-2_R2_CH20_B	9.74583	281.42	97.7339	9.33583	2.40059	2.46323	96.8722
RE-2_R2_CH20_C	9.70526	319.172	98.9547	9.32526	1.60175	2.36933	98.2252
RE-2_R3_CH20_B	9.77117	308.919	97.3422	9.38117	1.69986	1.68273	96.6581
RE-2_R3_CH20_C	9.78238	248.618	98.6311	9.33238	2.26519	2.01531	97.5867
RE-2_R2_CH26_A	9.67101	279.105	97.6212	9.26101	1.62062	2.18584	96.7316
RE-2_R2_CH26_B	9.64568	324.252	98.446	9.26568	1.58786	2.35837	97.7913
RE-2_R2_CH26_C	9.55415	323.377	99.0158	9.17415	1.14248	2.38675	98.3292
RE-2_R3_CH26_B	9.72308	321.587	98.8842	9.34308	1.56924	1.6582	98.184
RE-2_R3_CH26_C	9.81338	234.874	97.1423	9.35338	1.90053	2.16703	96.0196
RE-2_R2_CH15_A	9.64959	296.914	98.2528	9.24959	2.77651	1.95248	97.4782
RE-2_R2_CH15_B	9.71334	253.979	97.3063	9.27334	0.879562	2.32296	96.332
RE-2_R2_CH15_C	9.68126	284.849	99.2887	9.27126	1.357	2.53324	98.3982
RE-2_R3_CH15_B	9.7649	271.879	94.967	9.3549	1.47405	2.0467	94.1069
RE-2_R3_CH15_C	9.71039	306.646	94.4664	9.33039	2.81827	1.43889	93.7913
RE-2_R2_CH21_A	9.68953	243.554	98.3089	9.23953	1.40395	2.04161	97.1846
RE-2_R2_CH21_B	9.6361	317.074	95.8451	9.2561	2.13496	2.14855	95.2215
RE-2_R2_CH21_C	9.58378	288.571	98.6592	9.17378	1.3731	2.24484	97.8514
RE-2_R3_CH21_B	9.76623	273.373	94.6467	9.35623	2.87823	1.53513	93.8243
RE-2_R3_CH21_C	9.70524	310.721	95.9142	9.32524	0.733371	1.57868	95.222
RE-2_R2_CH27_A	9.76242	230.886	98.8066	9.29242	1.10254	2.28359	97.6
RE-2_R2_CH27_B	9.6521	296.342	95.6063	9.2621	0.945934	2.26464	94.8528
RE-2_R2_CH27_C	9.54917	246.99	99.6364	9.09917	4.35572	2.60736	98.4999
RE-2_R3_CH27_B	9.77157	297.893	97.1974	9.37157	1.27728	1.4675	96.4816
RE-2_R3_CH27_C	9.72435	289.275	97.9741	9.32435	0.576848	1.57264	97.1119
RE-2_R2_CH16_A	9.7223	248.417	98.5534	9.2723	1.15166	2.12991	97.5096
RE-2_R2_CH16_B	9.72292	297.531	98.0728	9.32292	0.938806	2.32433	97.314
RE-2_R2_CH16_C	9.59694	343.406	98.6231	9.22694	1.2789	2.27597	98.0563
RE-2_R3_CH16_B	9.73808	306.415	96.1126	9.34808	2.30942	1.42562	95.4522
RE-2_R3_CH16_C	9.68126	299.322	97.2565	9.29126	0.763398	1.44554	96.4636
RE-2_R2_CH22_A	9.57146	3945.19	96.8064	9.40146	31.7799	2.52904	96.8064
RE-2_R2_CH22_B	9.61525	1303.9	97.3685	9.40525	66.3574	2.12121	97.3673
RE-2_R2_CH22_C	9.62267	1126.85	98.7251	9.40267	71.9141	2.31072	98.7208
RE-2_R3_CH22_B	9.87705	255.892	100.477	9.43705	2.60978	1.68059	99.3541
RE-2_R3_CH22_C	9.81709	243.034	98.6167	9.36709	1.41055	1.81027	97.4624
RE-2_R2_CH28_A	9.75271	226.319	97.4842	9.28271	0.687636	2.12518	96.2598
RE-2_R2_CH28_B	9.67309	281.129	98.1843	9.26309	1.28707	2.10544	97.2956
RE-2_R2_CH28_C	9.63476	313.21	98.0911	9.24476	0.524927	2.4034	97.4222
RE-2_R3_CH28_B	9.81523	289.072	96.9322	9.41523	1.13978	1.31586	96.1183
RE-2_R3_CH28_C	9.79939	257.962	96.7628	9.36939	2.9021	1.50908	95.7858
RE-2_R2_CH17_A	9.79459	239.019	97.8522	9.33459	1.82573	2.14531	96.7712
RE-2_R2_CH17_B	9.69608	290.601	96.0437	9.29608	2.45255	2.01711	95.2911
RE-2_R2_CH17_C	9.71437	270.512	99.0127	9.29437	1.94451	2.4343	98.0175
RE-2_R3_CH17_B	9.69407	288.573	97.5806	9.29407	1.74748	1.73722	96.7283
RE-2_R3_CH17_C	9.69563	271.872	97.786	9.27563	0.834977	1.79876	96.8788
RE-2_R2_CH23_A	9.63422	279.285	97.4751	9.22422	2.18462	2.06243	96.5956
RE-2_R2_CH23_B	9.67285	282.198	96.6595	9.26285	0.783116	2.51953	95.861
RE-2_R2_CH23_C	9.69048	270.411	98.6889	9.27048	1.47223	2.76353	97.7099
RE-2_R3_CH23_B	9.80488	295.267	96.4529	9.40488	1.85443	1.73731	95.7385
RE-2_R3_CH23_C	9.74166	269.242	96.8552	9.32166	1.86765	1.84291	95.956
RE-2_R2_CH29_A	9.67381	244.275	98.904	9.22381	1.91685	2.74598	97.7573
RE-2_R2_CH29_B	9.63757	267.865	97.2808	9.21757	1.61387	2.3288	96.3372
RE-2_R2_CH29_C	9.59915	258.858	99.1564	9.15915	3.42098	2.61669	98.1644
RE-2_R3_CH29_B	9.94371	204.064	92.7473	9.45371	1.32897	2.07441	91.5208
RE-2_R3_CH29_C	9.99381	159.157	95.2526	9.39381	2.94594	2.57326	93.5563
RE-2_R2_CH18_A	9.75919	218.825	97.7476	9.27919	2.17557	2.18818	96.4368
RE-2_R2_CH18_B	9.63709	338.61	98.1587	9.26709	1.7621	2.2756	97.567
RE-2_R2_CH18_C	9.57852	300.813	98.5978	9.17852	1.01723	2.0241	97.8555
RE-2_R3_CH18_B	9.84288	272.141	94.859	9.43288	3.15289	1.87886	94.0083
RE-2_R3_CH18_C	9.71145	304.323	97.2015	9.32145	2.61923	1.59319	96.4716
RE-2_R2_CH24_A	9.67328	280.153	98.7582	9.26328	0.797697	1.98597	97.825
RE-2_R2_CH24_B	9.644	297.757	97.6554	9.244	0.690904	2.2124	96.918
RE-2_R2_CH24_C	9.58933	288.001	99.7107	9.17933	1.05591	2.64387	98.8443
RE-2_R3_CH24_B	9.82493	265.643	96.6801	9.40493	1.61347	1.77811	95.7332
RE-2_R3_CH24_C	9.67237	339.138	98.8354	9.30237	1.72326	1.6257	98.2234
RE-2_R2_CH30_A	9.71236	234.885	98.1061	9.25236	1.34003	2.38828	96.9225
RE-2_R2_CH30_B	9.71544	240.324	99.3466	9.25544	1.49426	2.4578	98.2009
RE-2_R2_CH30_C	9.48305	272.577	99.0976	9.06305	1.20129	2.29173	98.1317
RE-2_R3_CH30_B	9.74528	296.427	96.9297	9.34528	1.7793	1.64936	96.2083
RE-2_R3_CH30_C	9.66569	284.827	98.7375	9.25569	2.38519	1.81514	97.8744
RE-1_R2_CH13_A	9.48706	385.594	98.9668	9.14706	0.998277	1.5747	98.4747
RE-1_R2_CH13_B	9.51919	333.756	99.0671	9.14919	1.13192	1.85755	98.3949
RE-1_R2_CH13_C	9.52733	362.082	99.0143	9.16733	1.99157	1.96884	98.5055
RE-1_R3_CH13_A	9.61281	294.621	98.5204	9.21281	0.17291	1.81477	97.704
RE-1_R3_CH13_B	9.5241	352.05	98.367	9.1641	1.2888	1.57381	97.8019
RE-1_R3_CH13_C	9.58363	353.996	98.5541	9.22363	1.28139	1.75606	97.9983
RE-1_R2_CH19_A	9.5444	329.233	98.7294	9.1644	2.03125	1.75485	98.1122
RE-1_R2_CH19_B	9.51842	366.81	98.6294	9.16842	1.49985	1.77018	98.0919
RE-1_R2_CH19_C	9.53699	341.441	98.8967	9.16699	3.37032	1.92036	98.3031
RE-1_R3_CH19_A	9.5314	497.609	98.3379	9.2314	0.467526	1.38223	98.1117
RE-1_R3_CH19_B	9.59774	342.596	97.0122	9.23774	1.00474	1.45698	96.4157
RE-1_R3_CH19_C	9.62239	403.918	97.911	9.29239	1.78084	1.65926	97.4903
RE-1_R2_CH25_A	9.63447	327.08	98.8174	9.25447	3.19702	1.64475	98.1761
RE-1_R2_CH25_B	9.56078	393.429	98.9886	9.22078	2.52255	1.63469	98.5459
RE-1_R2_CH25_C	9.63578	289.029	98.6389	9.22578	2.73341	1.94465	97.8382
RE-1_R3_CH25_A	9.71818	257.038	98.1303	9.27818	0.625562	1.48087	97.1634
RE-1_R3_CH25_B	9.77414	269.156	97.7328	9.35414	1.15491	1.65502	96.7856
RE-1_R3_CH25_C	9.73787	333.514	98.2265	9.36787	3.51744	1.80454	97.5853
RE-1_R2_CH14_A	9.63235	310.631	98.599	9.24235	1.45538	2.1874	97.8808
RE-1_R2_CH14_B	9.53977	390.409	99.3303	9.19977	0.981712	1.82529	98.8587
RE-1_R2_CH14_C	9.6348	319.285	98.8722	9.2548	1.10557	2.14699	98.1475
RE-1_R3_CH14_A	9.73301	286.525	95.9359	9.33301	1.09144	1.42E+015	95.136
RE-1_R3_CH14_B	9.77455	253.366	91.4118	9.35455	2.19988	1.42831	90.5516
RE-1_R3_CH14_C	9.88459	243.484	92.1257	9.45459	1.10684	3.84E+009	91.1584
RE-1_R2_CH20_A	9.60897	305.338	97.641	9.21897	1.71021	1.72567	96.9036
RE-1_R2_CH20_B	9.68509	274.732	97.6822	9.26509	3.20367	1.98949	96.8233
RE-1_R2_CH20_C	9.6058	300.178	99.4528	9.2058	8.56092	1.99331	98.6643
RE-1_R3_CH20_A	9.5737	308.563	93.6908	9.1937	0.659063	1.49303	93.0674
RE-1_R3_CH20_B	9.67512	314.522	98.366	9.28512	1.33855	1.76364	97.6998
RE-1_R3_CH20_C	9.68143	343.969	98.7646	9.31143	1.22908	2.25735	98.1976
RE-1_R2_CH26_A	9.75066	280.351	98.9662	9.34066	1.10307	1.94678	98.025
RE-1_R2_CH26_B	9.68813	328.545	97.1408	9.31813	1.73698	1.92265	96.4942
RE-1_R2_CH26_C	9.76252	281.165	99.532	9.34252	2.0788	2.40508	98.6747
RE-1_R3_CH26_A	9.80624	252.898	100.539	9.35624	0.277697	1.74753	99.4638
RE-1_R3_CH26_B	9.83427	270.82	99.9467	9.40427	1.41532	1.89307	99.01
RE-1_R3_CH26_C	9.76645	317.757	98.9086	9.38645	2.25869	2.04471	98.1653
RE-1_R2_CH15_A	9.6068	254.65	98.0917	9.1668	1.47418	2.22041	97.0851
RE-1_R2_CH15_B	9.50501	325.797	98.8615	9.12501	0.894474	1.97078	98.2058
RE-1_R2_CH15_C	9.54963	289.963	99.4939	9.13963	2.44631	2.17272	98.6652
RE-1_R3_CH15_A	9.95376	205.013	101.705	9.43376	0.190707	1.85223	100.192
RE-1_R3_CH15_B	9.72103	341.614	98.2028	9.35103	1.83323	1.78283	97.6357
RE-1_R3_CH15_C	9.72157	300.843	98.6542	9.32157	1.40085	2.17223	97.9098
RE-1_R2_CH21_A	9.56917	349.873	99.4864	9.20917	0.777811	1.76655	98.8617
RE-1_R2_CH21_B	9.58444	368.698	98.7929	9.23444	1.0866	2.03019	98.2641
RE-1_R2_CH21_C	9.61179	320.542	99.3225	9.23179	2.01928	2.24035	98.5924
RE-1_R3_CH21_A	9.7628	229.087	96.2476	9.3028	0.0331075	1.7176	95.0564
RE-1_R3_CH21_B	9.68898	344.203	98.8778	9.31898	2.25252	1.71013	98.3088
RE-1_R3_CH21_C	9.66336	357.191	98.0971	9.30336	2.05626	1.69026	97.5816
RE-1_R2_CH27_A	9.55536	397.05	99.1887	9.21536	1.00229	1.54501	98.7619
RE-1_R2_CH27_B	9.59121	369.756	99.3564	9.24121	1.4287	1.83266	98.8168
RE-1_R2_CH27_C	9.60624	314.694	99.3394	9.21624	2.31988	1.92197	98.635
RE-1_R3_CH27_A	9.66851	365.53	97.6439	9.31851	0.424547	1.49984	97.1296
RE-1_R3_CH27_B	9.72497	319.838	99.6145	9.34497	0.783547	1.63242	98.8637
RE-1_R3_CH27_C	9.69988	314.48	99.2647	9.30988	1.58154	1.84872	98.5611
RE-1_R2_CH16_A	9.62109	352.285	98.3658	9.26109	1.96873	1.61487	97.8026
RE-1_R2_CH16_B	9.61655	324.84	99.1467	9.23655	1.17782	2.00288	98.4698
RE-1_R2_CH16_C	9.64103	326.017	99.2545	9.26103	2.21644	2.18427	98.5853
RE-1_R3_CH16_A	9.65718	280.876	96.5073	9.24718	0.783388	1.81064	95.6982
RE-1_R3_CH16_B	9.57543	349.34	97.0961	9.21543	0.826033	1.75076	96.5532
RE-1_R3_CH16_C	9.66914	302.655	98.9935	9.26914	1.36757	2.03191	98.2558
RE-1_R2_CH22_A	9.66198	329.485	98.486	9.28198	2.18497	1.54181	97.8803
RE-1_R2_CH22_B	9.63407	337.562	99.3005	9.26407	3.16537	1.98354	98.6561
RE-1_R2_CH22_C	9.59526	361.297	99.3311	9.23526	2.46183	1.95548	98.8062
RE-1_R3_CH22_A	9.64728	291.472	95.7992	9.24728	0.103602	1.51376	95.0683
RE-1_R3_CH22_B	9.69116	311.514	99.3673	9.30116	2.35805	1.52356	98.6259
RE-1_R3_CH22_C	9.66782	350.166	96.8335	9.30782	0.883476	1.71933	96.3061
RE-1_R2_CH28_A	9.66571	347.548	97.9879	9.30571	3.35025	1.50644	97.3985
RE-1_R2_CH28_B	9.70009	274.605	99.0588	9.28009	1.18454	2.01856	98.1273
RE-1_R2_CH28_C	9.61443	320.274	98.9555	9.23443	1.85507	1.94789	98.2381
RE-1_R3_CH28_A	9.89778	237.327	92.563	9.45778	0.361079	1.29197	91.5586
RE-1_R3_CH28_B	10.0151	223.596	96.031	9.54506	1.67128	1.34E+014	94.84
RE-1_R3_CH28_C	9.96544	246.162	90.5952	9.53544	1.48828	1.83E+016	89.7569
RE-1_R2_CH17_A	9.5359	334.389	98.8265	9.1659	1.02541	1.64461	98.1701
RE-1_R2_CH17_B	9.52496	366.28	98.7524	9.17496	0.60641	1.69179	98.2067
RE-1_R2_CH17_C	9.57882	327.805	98.8185	9.19882	2.05682	1.96227	98.1843
RE-1_R3_CH17_A	9.99015	163.061	107.289	9.35015	4.02899	2.82694	105.141
RE-1_R3_CH17_B	9.6312	964.338	97.1649	9.4012	24.0938	1.81673	97.1543
RE-1_R3_CH17_C	9.62704	1111.3	98.2842	9.40704	49.2179	2.0702	98.2795
RE-1_R2_CH23_A	9.65746	342.726	98.789	9.28746	1.76499	1.63523	98.2105
RE-1_R2_CH23_B	9.56587	352.018	99.0838	9.20587	1.20604	1.78843	98.4928
RE-1_R2_CH23_C	9.59746	322.614	99.1162	9.21746	2.50806	1.91835	98.4173
RE-1_R3_CH23_A	9.67123	402.449	85.3763	9.36123	0.395334	1.38649	85.1299
RE-1_R3_CH23_B	9.89615	226.457	94.12	9.43615	0.951128	1.62E+017	93.0087
RE-1_R3_CH23_C	9.89332	240.585	90.9148	9.46332	1.5247	1.479	89.9657
RE-1_R2_CH29_A	9.60131	337.293	99.0967	9.23131	1.69675	1.82969	98.4577
RE-1_R2_CH29_B	9.61591	344.937	99.2863	9.24591	1.88536	1.8382	98.7091
RE-1_R2_CH29_C	9.64961	332.73	98.9184	9.27961	3.28695	1.9764	98.2419
RE-1_R3_CH29_A	9.72962	277.627	98.7872	9.30962	0.302476	1.91129	97.9154
RE-1_R3_CH29_B	9.7663	296.147	96.0118	9.3763	1.83994	1.73E+013	95.2372
RE-1_R3_CH29_C	9.79492	292.587	99.7837	9.38492	2.57059	1.87978	98.9763
RE-1_R2_CH18_A	9.61622	304.363	98.3547	9.22622	0.755496	1.63913	97.5735
RE-1_R2_CH18_B	9.59313	313.943	99.1752	9.20313	1.3838	1.78456	98.4694
RE-1_R2_CH18_C	9.62455	304.935	98.9734	9.23455	3.77454	1.91488	98.1706
RE-1_R3_CH18_A	9.77891	185.65	101.217	9.21891	0.443208	2.08006	99.5804
RE-1_R3_CH18_B	9.68492	299.39	99.4991	9.28492	1.71458	2.03077	98.6984
RE-1_R3_CH18_C	9.64096	295.815	99.1234	9.24096	1.29633	1.93602	98.2939
RE-1_R2_CH24_A	9.84019	227.332	98.8826	9.36019	3.26567	1.79624	97.6999
RE-1_R2_CH24_B	9.71607	315.935	99.5044	9.32607	1.02577	1.80532	98.8067
RE-1_R2_CH24_C	9.75989	280.941	98.6108	9.34989	2.35456	2.23	97.6973
RE-1_R3_CH24_A	9.79253	234.745	99.0265	9.32253	0.710075	2.00537	97.8908
RE-1_R3_CH24_B	9.74937	318.91	98.6758	9.36937	2.46868	1.67309	97.9554
RE-1_R3_CH24_C	9.71913	348.199	98.6515	9.35913	2.80687	1.90736	98.0433
RE-1_R2_CH30_A	9.76803	293.641	98.6533	9.36803	0.936333	1.81988	97.8174
RE-1_R2_CH30_B	9.65343	328.517	99.1222	9.27343	1.21178	2.16704	98.4831
RE-1_R2_CH30_C	9.66654	322.319	99.2879	9.28654	2.91074	2.33286	98.5786
RE-1_R3_CH30_A	9.76775	269.02	93.0353	9.35775	0.448213	1.93386	92.2311
RE-1_R3_CH30_B	9.81164	293.727	97.9914	9.41164	3.40265	1.78E+009	97.1883
RE-1_R3_CH30_C	9.7553	319.475	97.714	9.3753	2.83801	2.08217	97.04
RE+1_R2_CH13_A	9.51351	371.431	98.781	9.16351	1.48807	1.7664	98.2725
RE+1_R2_CH13_B	9.54014	299.245	99.0473	9.14014	1.31088	1.80049	98.2656
RE+1_R2_CH13_C	9.51917	345.082	99.0131	9.14917	3.15612	1.7967	98.4467
RE+1_R3_CH13_A	9.55471	346.203	97.5245	9.19471	0.172509	2.20735	96.9405
RE+1_R3_CH13_B	9.5451	331.122	97.9796	9.1751	1.61382	1.62515	97.3249
RE+1_R3_CH13_C	9.58972	392.954	98.4989	9.24972	2.15787	2.1911	98.0672
RE+1_R2_CH19_A	9.54153	299.694	99.3936	9.14153	1.4646	1.9049	98.6016
RE+1_R2_CH19_B	9.52825	377.852	98.5156	9.17825	1.44956	2.01866	98.0591
RE+1_R2_CH19_C	9.62492	283.278	98.8832	9.21492	2.73775	2.15959	97.9904
RE+1_R3_CH19_A	9.85404	276.885	96.4233	9.44404	0.600092	1.41E+015	95.5622
RE+1_R3_CH19_B	9.92851	233.603	89.2652	9.48851	0.910752	1.40664	88.382
RE+1_R3_CH19_C	9.94395	230.797	88.8314	9.50395	1.43137	5.55E+010	87.9232
RE+1_R2_CH25_A	9.68161	-0.506633	0.178266	9.79161	0.0128838	4.11508	0.138581
RE+1_R2_CH25_B	9.66959	244.401	99.4425	9.21959	3.54579	2.34997	98.2645
RE+1_R2_CH25_C	9.59098	264.315	99.4385	9.16098	1.12686	2.37573	98.421
RE+1_R3_CH25_A	9.80436	312.352	89.9731	9.43436	0.192471	1.46445	89.4481
RE+1_R3_CH25_B	10.0069	218.819	92.6172	9.5369	1.17392	1.51063	91.5392
RE+1_R3_CH25_C	10.0218	234.943	93.4396	9.57177	1.0388	1.85476	92.439
RE+1_R2_CH14_A	9.60467	298.014	98.9949	9.20467	0.879463	1.9237	98.2001
RE+1_R2_CH14_B	9.47031	284.006	99.6184	9.06031	1.19547	2.21114	98.6985
RE+1_R2_CH14_C	9.49681	243.923	99.2647	9.04681	1.6879	2.38324	98.088
RE+1_R3_CH14_A	18.2522	-6.86E-008	-1.03E-006	18.1022	8.27E-017	-1.63E-010	-5.26E-007
RE+1_R3_CH14_B	18.2522	-6.86E-008	-1.03E-006	18.1022	8.27E-017	-1.63E-010	-5.26E-007
RE+1_R3_CH14_C	18.2522	-6.86E-008	-1.03E-006	18.1022	8.27E-017	-1.63E-010	-5.26E-007
RE+1_R2_CH20_A	9.63107	322.895	98.3836	9.25107	1.2259	1.56821	97.7177
RE+1_R2_CH20_B	9.66624	299.751	97.7703	9.26624	4.16462	1.86114	97.0515
RE+1_R2_CH20_C	9.64407	323.211	98.9225	9.26407	3.86285	1.87508	98.2379
RE+1_R3_CH20_A	9.62476	353.888	97.3708	9.26476	0.155235	1.57258	96.8542
RE+1_R3_CH20_B	9.74145	313.157	99.0065	9.35145	1.82623	1.95703	98.2992
RE+1_R3_CH20_C	9.76677	313.892	99.8336	9.37677	1.3699	2.26583	99.0992
RE+1_R2_CH26_A	9.77389	257.869	98.2177	9.33389	0.648429	1.69033	97.2602
RE+1_R2_CH26_B	9.64294	308.509	98.7921	9.25294	0.565606	1.84984	98.041
RE+1_R2_CH26_C	9.6536	305.01	99.5709	9.2536	1.54383	1.98825	98.8358
RE+1_R3_CH26_A	9.66888	306.558	98.7876	9.27888	0.154498	1.3873	98.0134
RE+1_R3_CH26_B	9.74074	302.786	97.1556	9.35074	2.02472	6.40E+014	96.4097
RE+1_R3_CH26_C	9.74758	326.575	98.9318	9.36758	1.98325	1.87388	98.2811
RE+1_R2_CH15_A	18.2522	-6.86E-008	-1.03E-006	18.1022	8.27E-017	-1.63E-010	-5.26E-007
RE+1_R2_CH15_B	18.2522	-6.86E-008	-1.03E-006	18.1022	8.27E-017	-1.63E-010	-5.26E-007
RE+1_R2_CH15_C	18.2522	-6.86E-008	-1.03E-006	18.1022	8.27E-017	-1.63E-010	-5.26E-007
RE+1_R3_CH15_A	9.614	356.276	97.7391	9.254	0.237956	1.48099	97.2284
RE+1_R3_CH15_B	9.68926	314.456	98.6041	9.29926	0.851443	1.61379	97.9275
RE+1_R3_CH15_C	9.71755	295.33	99.3392	9.31755	0.957807	1.85656	98.4927
RE+1_R2_CH21_A	9.61809	382.461	99.0164	9.26809	5.24385	2.04691	98.5746
RE+1_R2_CH21_B	9.62225	379.953	98.9671	9.27225	6.79114	2.11874	98.5109
RE+1_R2_CH21_C	9.58037	376.88	98.9894	9.23037	14.216	2.15612	98.5123
RE+1_R3_CH21_A	9.70218	292.536	98.2623	9.30218	0.859339	1.7668	97.4305
RE+1_R3_CH21_B	9.70629	311.819	97.7814	9.31629	2.24266	1.62218	97.1104
RE+1_R3_CH21_C	9.67745	336.759	99.105	9.30745	1.48912	1.98868	98.4606
RE+1_R2_CH27_A	9.61813	323.26	99.2701	9.23813	2.70622	2.00906	98.5716
RE+1_R2_CH27_B	9.6254	372.348	99.0486	9.2754	1.55619	1.94587	98.5382
RE+1_R2_CH27_C	9.66487	315.487	99.1093	9.27487	1.96256	2.18584	98.423
RE+1_R3_CH27_A	9.84318	251.096	97.6289	9.40318	0.098082	1.77288	96.5841
RE+1_R3_CH27_B	9.82011	276.586	99.1355	9.40011	1.21298	4.24E+014	98.2305
RE+1_R3_CH27_C	9.80833	290.279	99.9286	9.39833	1.5397	1.94005	99.0833
RE+1_R2_CH16_A	9.61267	282.293	98.7025	9.20267	1.36225	1.91911	97.8044
RE+1_R2_CH16_B	9.6028	320.022	99.4422	9.2228	0.633057	1.96287	98.7011
RE+1_R2_CH16_C	9.63161	315.269	98.8766	9.24161	2.78573	2.1145	98.1976
RE+1_R3_CH16_A	9.64496	322.223	100.313	9.26496	0.22058	1.43849	99.5586
RE+1_R3_CH16_B	9.64113	360.806	98.3331	9.28113	1.60435	1.51111	97.8367
RE+1_R3_CH16_C	9.65951	375.518	97.9875	9.30951	1.84372	1.70213	97.5314
RE+1_R2_CH22_A	9.67502	322.458	97.9293	9.29502	1.3556	1.73182	97.2772
RE+1_R2_CH22_B	9.67398	287.65	99.082	9.26398	1.62434	2.21452	98.2415
RE+1_R2_CH22_C	9.67444	289.734	99.4386	9.26444	1.90352	2.32843	98.6094
RE+1_R3_CH22_A	9.73619	235.45	95.7454	9.28619	0.483783	1.65046	94.6141
RE+1_R3_CH22_B	9.70126	292.213	98.2322	9.30126	0.754121	1.78117	97.3976
RE+1_R3_CH22_C	9.6765	354.243	99.1411	9.3165	2.0859	1.91991	98.5668
RE+1_R2_CH28_A	9.70112	192.744	64.4564	9.30112	0.647773	1.79732	63.9221
RE+1_R2_CH28_B	9.56663	186.37	43.3847	9.23663	0.990455	1.75529	43.2357
RE+1_R2_CH28_C	9.62101	145.273	37.8753	9.27101	0.826287	1.66506	37.6998
RE+1_R3_CH28_A	9.62442	428.673	98.5265	9.30442	0.269413	2.80E+012	98.1521
RE+1_R3_CH28_B	9.67451	332.05	98.2525	9.30451	0.953816	1.47948	97.596
RE+1_R3_CH28_C	9.72967	323.778	97.8969	9.34967	2.00587	1.68435	97.2591
RE+1_R2_CH17_A	9.55416	332.11	98.8244	9.18416	2.55699	2.02276	98.1455
RE+1_R2_CH17_B	9.55939	324.878	99.2365	9.17939	2.60526	2.25079	98.5564
RE+1_R2_CH17_C	9.79788	234.416	98.3527	9.33788	3.74014	2.72091	97.1426
RE+1_R3_CH17_A	9.56764	331.667	98.6089	9.19764	0.332264	1.79748	97.9343
RE+1_R3_CH17_B	9.63406	315.846	98.0907	9.25406	1.1739	1.70241	97.3615
RE+1_R3_CH17_C	9.63078	378.692	99.0546	9.28078	1.33854	1.95112	98.5875
RE+1_R2_CH23_A	9.60468	326.793	99.0876	9.22468	2.65094	1.90592	98.433
RE+1_R2_CH23_B	9.62588	336.418	99.0867	9.25588	3.30506	2.12119	98.4397
RE+1_R2_CH23_C	9.7213	289.085	99.3147	9.3113	2.91911	2.31143	98.4826
RE+1_R3_CH23_A	9.73545	311.251	99.1444	9.34545	0.481197	1.62214	98.4097
RE+1_R3_CH23_B	9.76025	301.518	98.6153	9.36025	0.615429	1.59733	97.8806
RE+1_R3_CH23_C	9.78145	305.092	100.182	9.38145	1.33281	1.9759	99.4211
RE+1_R2_CH29_A	9.73215	260.481	86.0659	9.33215	2.34775	1.82616	85.3923
RE+1_R2_CH29_B	18.2522	-6.86E-008	-1.03E-006	18.1022	8.27E-017	-1.63E-010	-5.26E-007
RE+1_R2_CH29_C	9.61645	333.113	99.184	9.24645	1.67227	2.10178	98.5005
RE+1_R3_CH29_A	9.72281	294.244	98.8514	9.32281	0.483265	1.61791	98.014
RE+1_R3_CH29_B	9.71806	303.996	98.7032	9.32806	0.761523	1.59411	97.9012
RE+1_R3_CH29_C	9.69766	374.727	98.6046	9.34766	1.70822	1.76706	98.1247
RE+1_R2_CH18_A	9.52364	310.067	99.238	9.13364	1.68616	1.77331	98.4855
RE+1_R2_CH18_B	9.67574	255.963	98.4422	9.23574	2.53536	2.03118	97.4392
RE+1_R2_CH18_C	9.62728	297.812	99.2031	9.22728	1.45935	2.11674	98.396
RE+1_R3_CH18_A	9.55887	337.031	98.3301	9.18887	0.049643	1.50321	97.7179
RE+1_R3_CH18_B	9.65362	329.078	99.3059	9.27362	1.95087	2.02013	98.6652
RE+1_R3_CH18_C	9.62402	334.678	98.6455	9.25402	1.34366	1.86643	97.9991
RE+1_R2_CH24_A	9.72808	314.095	98.2584	9.33808	1.90549	1.62488	97.5921
RE+1_R2_CH24_B	9.63867	348.181	99.6642	9.26867	1.23034	2.08351	99.1011
RE+1_R2_CH24_C	9.64522	361.455	99.1661	9.28522	1.51825	1.8735	98.6478
RE+1_R3_CH24_A	9.68625	317.066	98.0843	9.30625	0.516282	1.68393	97.369
RE+1_R3_CH24_B	9.74861	308.102	97.9838	9.35861	1.6087	-1.85E+010	97.2633
RE+1_R3_CH24_C	9.75598	315.456	98.5421	9.37598	1.41582	1.85418	97.7886
RE+1_R2_CH30_A	9.65819	331.723	98.8566	9.28819	0.977167	1.73426	98.1724
RE+1_R2_CH30_B	9.68358	285.395	98.9147	9.27358	0.856177	1.96982	98.0508
RE+1_R2_CH30_C	9.64902	324.372	99.1052	9.26902	1.71531	1.97104	98.4253
RE+1_R3_CH30_A	9.83535	245.923	98.4455	9.38535	0.2264	2.70E+010	97.3601
RE+1_R3_CH30_B	9.79537	292.307	98.1668	9.39537	1.55247	1.77021	97.3366
RE+1_R3_CH30_C	9.74471	339.489	98.9092	9.37471	1.43327	1.75033	98.2977
RE+2_R2_CH13_A	9.71125	232.35	98.609	9.24125	1.3632	1.94935	97.4477
RE+2_R2_CH13_B	9.77182	233.68	94.1561	9.32182	0.749633	1.83298	93.0876
RE+2_R2_CH13_C	9.68891	274.146	97.3152	9.26891	0.863445	1.85253	96.466
RE+2_R3_CH13_B	9.57417	323.816	96.1124	9.20417	1.34028	1.73984	95.4603
RE+2_R3_CH13_C	9.54401	295.093	95.4833	9.15401	1.25292	1.66511	94.7201
RE+2_R2_CH19_A	9.6707	278.941	96.824	9.2607	0.664266	1.7	95.9724
RE+2_R2_CH19_B	9.59135	332.072	96.938	9.22135	1.10886	1.82471	96.3328
RE+2_R2_CH19_C	9.58826	314.88	98.7932	9.19826	1.16143	2.01328	98.1134
RE+2_R3_CH19_B	9.66519	314.022	95.8002	9.28519	1.10866	1.5518	95.1477
RE+2_R3_CH19_C	9.69731	223.675	97.1559	9.22731	2.80783	1.99377	95.891
RE+2_R2_CH25_A	9.65782	279.609	98.268	9.24782	1.43606	1.70552	97.3523
RE+2_R2_CH25_B	9.6287	305.824	96.842	9.2387	1.21513	1.98775	96.1447
RE+2_R2_CH25_C	9.61072	338.278	98.9157	9.24072	0.940155	1.95458	98.2928
RE+2_R3_CH25_B	9.67517	307.237	96.9366	9.28517	2.06459	1.53863	96.251
RE+2_R3_CH25_C	9.60325	318.659	96.2975	9.22325	1.74816	1.54282	95.6718
RE+2_R2_CH14_A	9.68439	275.94	96.5518	9.27439	1.05918	2.03978	95.6703
RE+2_R2_CH14_B	9.65689	273.271	99.0161	9.23689	1.40027	2.00323	98.0657
RE+2_R2_CH14_C	9.61024	350.729	99.2333	9.25024	0.537982	2.14244	98.6257
RE+2_R3_CH14_B	9.66847	305.587	99.3031	9.27847	2.00267	1.69206	98.4931
RE+2_R3_CH14_C	9.6096	295.064	97.169	9.2096	1.59888	1.7399	96.4206
RE+2_R2_CH20_A	9.82299	253.452	94.7533	9.39299	2.28398	1.89386	93.8111
RE+2_R2_CH20_B	9.79713	230.27	99.9745	9.32713	5.37693	2.28971	98.6755
RE+2_R2_CH20_C	9.69735	306.953	98.4596	9.30735	0.845998	2.17092	97.7049
RE+2_R3_CH20_B	9.70755	319.005	99.2407	9.32755	0.937728	1.98865	98.4969
RE+2_R3_CH20_C	9.68287	281.672	98.0852	9.27287	2.46596	2.26623	97.2095
RE+2_R2_CH26_A	9.76854	266.258	98.5829	9.33854	0.890048	1.81004	97.645
RE+2_R2_CH26_B	9.73202	297.338	98.7518	9.33202	1.22096	1.808	97.9597
RE+2_R2_CH26_C	9.70819	314.7	98.9537	9.31819	0.6332	2.09922	98.2655
RE+2_R3_CH26_B	9.79464	269.808	97.2692	9.37464	4.00862	1.72228	96.3571
RE+2_R3_CH26_C	9.65069	296.697	97.7957	9.25069	3.75672	1.62644	97.0392
RE+2_R2_CH15_A	9.44045	639.366	98.4972	9.17045	1.1853	-4.36E+013	98.4084
RE+2_R2_CH15_B	9.406	603.756	96.6829	9.136	1.26479	1.38964	96.5692
RE+2_R2_CH15_C	9.3964	521.465	99.6528	9.0964	0.0771874	1.58411	99.4663
RE+2_R3_CH15_B	9.64189	300.57	96.0997	9.25189	2.09032	1.55135	95.3746
RE+2_R3_CH15_C	9.61065	294.798	98.3324	9.21065	1.78329	1.69429	97.5271
RE+2_R2_CH21_A	9.63045	281.859	98.9512	9.22045	1.30009	1.83503	98.0337
RE+2_R2_CH21_B	9.58192	340.206	96.9846	9.22192	1.37934	1.76747	96.3677
RE+2_R2_CH21_C	9.56678	333.54	99.0805	9.19678	1.17984	1.90799	98.4055
RE+2_R3_CH21_B	9.68695	294.117	97.8655	9.28695	2.05623	1.54882	97.0734
RE+2_R3_CH21_C	9.59797	332.302	97.0925	9.22797	1.59085	1.62571	96.4835
RE+2_R2_CH27_A	9.73315	285.342	99.1291	9.32315	0.903589	1.78139	98.2538
RE+2_R2_CH27_B	9.81617	237.819	96.8796	9.36617	2.44153	1.8228	95.726
RE+2_R2_CH27_C	9.76167	289.006	99.0518	9.35167	0.485802	1.98521	98.2313
RE+2_R3_CH27_B	9.77773	273.578	95.9714	9.36773	3.52983	2.06828	95.0847
RE+2_R3_CH27_C	9.68213	297.79	97.0909	9.29213	0.85757	1.61847	96.2863
RE+2_R2_CH16_A	9.71772	277.804	98.9998	9.29772	1.39705	1.78662	98.12
RE+2_R2_CH16_B	9.72558	280.859	99.3465	9.30558	1.51206	2.02613	98.4939
RE+2_R2_CH16_C	9.62465	334.07	98.7813	9.25465	0.857655	2.12579	98.1236
RE+2_R3_CH16_B	9.65637	322.697	98.5528	9.27637	2.70431	1.62377	97.878
RE+2_R3_CH16_C	9.62462	293.914	98.4085	9.22462	1.73455	2.16982	97.5881
RE+2_R2_CH22_A	9.71366	277.01	94.9374	9.30366	2.52332	2.00629	94.151
RE+2_R2_CH22_B	9.75201	283.626	99.4009	9.34201	1.95965	2.00787	98.4866
RE+2_R2_CH22_C	9.6547	284.976	98.6827	9.2447	1.25905	2.26358	97.8245
RE+2_R3_CH22_B	9.73529	295.247	98.2608	9.33529	1.56138	1.7079	97.4647
RE+2_R3_CH22_C	9.68027	278.238	98.8616	9.26027	4.72141	1.96349	97.9951
RE+2_R2_CH28_A	9.6478	292.249	99.4584	9.2378	1.18044	1.81229	98.6617
RE+2_R2_CH28_B	9.67703	284.403	99.1564	9.26703	2.19462	1.78565	98.2662
RE+2_R2_CH28_C	9.60804	278.869	99.7599	9.18804	1.64491	2.01337	98.8574
RE+2_R3_CH28_B	9.7288	302.252	96.6316	9.3388	0.854665	1.58445	95.9026
RE+2_R3_CH28_C	9.67412	284.039	98.5599	9.26412	3.27972	1.63611	97.6944
RE+2_R2_CH17_A	9.62983	275.734	98.5402	9.20983	1.75631	1.76991	97.6529
RE+2_R2_CH17_B	9.61083	292.606	96.4537	9.21083	2.16075	1.87861	95.7073
RE+2_R2_CH17_C	9.57083	342.597	99.097	9.20083	1.72659	1.95598	98.5064
RE+2_R3_CH17_B	9.67858	291.479	97.1591	9.27858	1.43793	1.78205	96.3661
RE+2_R3_CH17_C	9.62365	295.098	96.6631	9.22365	0.935032	1.81075	95.9375
RE+2_R2_CH23_A	10.0706	200.032	94.7396	9.57062	1.34325	1.63645	93.3709
RE+2_R2_CH23_B	9.66121	264.172	96.9959	9.23121	0.73775	1.91565	96.1081
RE+2_R2_CH23_C	9.58366	322.639	99.084	9.20366	1.67367	1.95801	98.3867
RE+2_R3_CH23_B	9.88241	247.466	96.3895	9.44241	2.29007	1.49717	95.3497
RE+2_R3_CH23_C	9.80947	243.312	91.3562	9.37947	3.77038	1.40538	90.4297
RE+2_R2_CH29_A	9.66869	326.938	98.9306	9.28869	0.93447	1.6658	98.2836
RE+2_R2_CH29_B	9.64856	335.81	96.211	9.27856	1.11917	2.15261	95.6648
RE+2_R2_CH29_C	9.60626	352.775	99.0694	9.24626	1.04538	1.91426	98.4854
RE+2_R3_CH29_B	9.67878	309.153	97.1054	9.28878	3.21207	1.63622	96.4336
RE+2_R3_CH29_C	9.56489	338.634	96.3806	9.20489	1.5716	1.95274	95.7725
RE+2_R2_CH18_A	9.88941	211.546	93.9127	9.40941	1.89244	2.38657	92.6861
RE+2_R2_CH18_B	9.88786	252.354	99.4361	9.43786	1.08474	2.00375	98.4148
RE+2_R2_CH18_C	9.91088	217.411	100.835	9.41088	0.407945	2.30114	99.5009
RE+2_R3_CH18_B	9.75861	285.001	93.419	9.35861	3.31452	1.56149	92.7155
RE+2_R3_CH18_C	9.67094	290.282	97.3728	9.27094	4.24334	1.71736	96.5538
RE+2_R2_CH24_A	9.7603	288.226	98.9148	9.3503	4.50196	1.84184	98.0902
RE+2_R2_CH24_B	9.66468	294.115	99.1027	9.26468	0.908629	1.9533	98.2514
RE+2_R2_CH24_C	9.62468	315.66	99.2449	9.23468	0.609062	2.08044	98.5549
RE+2_R3_CH24_B	9.70553	288.616	98.1455	9.29553	3.12657	1.57734	97.3622
RE+2_R3_CH24_C	9.66114	268.773	98.5127	9.24114	2.73432	1.69181	97.5162
RE+2_R2_CH30_A	9.63517	297.598	99.014	9.23517	0.570521	1.64341	98.213
RE+2_R2_CH30_B	9.61839	330.278	99.2641	9.23839	0.75633	1.8809	98.6366
RE+2_R2_CH30_C	9.58019	337.819	99.0378	9.21019	0.58826	1.99391	98.406
RE+2_R3_CH30_B	9.72271	301.961	98.6788	9.32271	1.84396	1.75885	97.9465
RE+2_R3_CH30_C	9.57114	360.773	98.6925	9.21114	1.5688	1.66676	98.1844
RE+3_R2_CH13_A	9.68138	281.158	94.5959	9.28138	2.03871	1.94372	93.7889
RE+3_R2_CH13_B	9.74214	274.516	95.4859	9.33214	1.20663	2.14506	94.6378
RE+3_R3_CH13_A	9.55995	255.255	96.3469	9.12995	0.963696	2.0536	95.3463
RE+3_R3_CH13_B	9.62629	305.585	96.2818	9.23629	1.64186	1.45893	95.6054
RE+3_R3_CH13_C	9.67015	247.173	97.8481	9.22015	1.61505	1.82019	96.8218
RE+3_R2_CH19_A	9.75959	293.341	95.0618	9.36959	1.93808	1.73774	94.2965
RE+3_R2_CH19_B	9.75424	252.88	91.8641	9.33424	1.0556	1.94804	90.9719
RE+3_R3_CH19_A	9.89666	179.487	85.2841	9.39666	1.07782	2.0239	84.0355
RE+3_R3_CH19_B	9.84051	234.405	90.8988	9.40051	2.21645	2.07425	89.9375
RE+3_R3_CH19_C	9.82813	219.109	87.0923	9.37813	3.72548	1.71586	86.162
RE+3_R2_CH25_A	9.84257	239.016	92.3452	9.40257	2.67598	-81.4647	91.3847
RE+3_R2_CH25_B	9.89379	267.747	92.9966	9.48379	1.21815	3.61E+008	92.1763
RE+3_R3_CH25_A	9.76047	226.693	95.7867	9.29047	1.57438	1.80325	94.6802
RE+3_R3_CH25_B	9.78999	288.157	98.5872	9.37999	0.790871	1.74101	97.7772
RE+3_R3_CH25_C	9.79226	277.028	97.2974	9.38226	1.67126	2.00684	96.3935
RE+3_R2_CH14_A	9.74326	249.737	94.8312	9.31326	1.75263	2.08749	93.8194
RE+3_R2_CH14_B	9.80862	255.13	95.4707	9.37862	0.827109	2.37493	94.5173
RE+3_R3_CH14_A	9.78597	223.563	97.8561	9.30597	1.53482	1.81781	96.6533
RE+3_R3_CH14_B	9.76815	259.766	96.4444	9.33815	1.47837	1.71452	95.5152
RE+3_R3_CH14_C	9.62847	301.867	98.4704	9.22847	1.15828	2.12463	97.7461
RE+3_R2_CH20_A	9.79247	252.172	92.3321	9.37247	1.91375	1.80942	91.4026
RE+3_R2_CH20_B	9.91564	253.167	94.1408	9.48564	1.48248	2.07262	93.2272
RE+3_R3_CH20_A	9.81453	214.121	90.4166	9.34453	2.52052	1.80579	89.3751
RE+3_R3_CH20_B	9.82336	259.009	97.1583	9.39336	3.18144	1.62992	96.1772
RE+3_R3_CH20_C	9.71839	274.226	98.5734	9.29839	0.738101	1.72958	97.6614
RE+3_R2_CH26_A	9.78959	263.393	93.1084	9.36959	3.10893	1.87178	92.3118
RE+3_R2_CH26_B	9.9281	269.601	95.7852	9.5081	1.05653	2.11042	94.946
RE+3_R3_CH26_A	10.0334	235.988	97.2878	9.57343	1.59702	1.78E+009	96.1793
RE+3_R3_CH26_B	9.84488	250.715	98.1047	9.40488	1.69112	1.7183	97.0245
RE+3_R3_CH26_C	9.71871	281.824	98.8596	9.30871	1.26161	1.76907	97.9464
RE+3_R2_CH15_A	9.44518	497.276	98.8109	9.14518	1.41446	1.34555	98.576
RE+3_R2_CH15_B	9.57889	338.771	92.7671	9.21889	0.441857	1.68194	92.287
RE+3_R3_CH15_A	9.72809	246.616	94.8552	9.28809	1.65375	1.71087	93.8884
RE+3_R3_CH15_B	9.61034	388.519	96.195	9.27034	1.17721	1.52729	95.8007
RE+3_R3_CH15_C	9.42495	538.871	99.0666	9.13495	0.231753	1.33387	98.8867
RE+3_R2_CH21_A	9.75679	287.91	93.7666	9.36679	5.30362	2.31481	92.9935
RE+3_R2_CH21_B	9.9114	240.584	94.3414	9.4714	3.40637	2.63132	93.2927
RE+3_R3_CH21_A	9.97104	182.66	100.898	9.41104	1.30294	2.10893	99.1793
RE+3_R3_CH21_B	9.75123	297.114	95.715	9.36123	1.69168	1.77807	94.9659
RE+3_R3_CH21_C	9.76219	262.904	96.9649	9.33219	1.30813	1.88615	96.0587
RE+3_R2_CH27_A	9.74136	298.218	95.3727	9.35136	2.58909	2.13616	94.6521
RE+3_R2_CH27_B	9.84794	261.692	92.9148	9.42794	2.54031	5.05097	92.1032
RE+3_R3_CH27_A	9.81491	240.635	96.4433	9.36491	1.03796	1.81746	95.3744
RE+3_R3_CH27_B	9.82156	273.137	96.7204	9.40156	0.743308	1.64674	95.8861
RE+3_R3_CH27_C	9.77312	279.602	97.9673	9.36312	1.42831	1.72476	97.0672
RE+3_R2_CH16_A	9.73274	281.279	94.7474	9.33274	2.78392	1.94388	93.9346
RE+3_R2_CH16_B	9.76565	262.648	95.3528	9.34565	1.19196	2.04082	94.4294
RE+3_R3_CH16_A	9.59696	248.521	94.3916	9.16696	0.882991	1.88301	93.3834
RE+3_R3_CH16_B	9.75594	252.459	95.3131	9.32594	3.76191	1.78197	94.3222
RE+3_R3_CH16_C	9.66376	298.865	99.1358	9.26376	2.51112	1.95464	98.3453
RE+3_R2_CH22_A	9.83417	259.534	92.1893	9.41417	2.64506	-853.492	91.3824
RE+3_R2_CH22_B	9.86284	238.513	93.6783	9.42284	0.96428	1.74347	92.6297
RE+3_R3_CH22_A	9.71191	267.025	98.1808	9.28191	0.995079	1.72913	97.2763
RE+3_R3_CH22_B	9.84828	246.581	94.9477	9.40828	3.92266	1.81317	93.975
RE+3_R3_CH22_C	9.74747	272.912	98.6378	9.32747	0.694649	2.02299	97.7019
RE+3_R2_CH28_A	9.67407	274.045	99.1845	9.25407	2.43531	1.83022	98.2375
RE+3_R2_CH28_B	9.69484	282.965	94.4777	9.29484	2.95345	2.01647	93.7004
RE+3_R3_CH28_A	9.97688	177.466	76.6298	9.50688	0.779236	7.22E+014	75.6571
RE+3_R3_CH28_B	9.92236	236.568	92.0664	9.48236	1.31601	-7.74E+007	91.077
RE+3_R3_CH28_C	9.78588	310.431	98.4055	9.39588	1.57853	1.27047	97.6932
RE+3_R2_CH17_A	9.76072	248.73	93.7284	9.33072	2.26943	1.97109	92.7622
RE+3_R2_CH17_B	9.70747	300.262	92.7752	9.32747	1.8396	2.03189	92.1026
RE+3_R3_CH17_A	9.82786	235.806	95.0196	9.37786	1.19697	1.52812	93.941
RE+3_R3_CH17_B	9.65788	301.688	96.0945	9.26788	1.89785	1.62538	95.3825
RE+3_R3_CH17_C	9.72032	240.646	97.5279	9.27032	2.30597	1.93868	96.3925
RE+3_R2_CH23_A	9.96205	229.106	98.8173	9.49205	1.70948	3.32E+009	97.5689
RE+3_R2_CH23_B	9.83841	245.352	95.963	9.39841	1.043	1.95012	94.9085
RE+3_R3_CH23_A	9.74178	268.971	95.4622	9.32178	1.23391	2.15355	94.6299
RE+3_R3_CH23_B	9.82841	247.941	96.3179	9.38841	1.13633	1.62745	95.2912
RE+3_R3_CH23_C	9.8644	216.797	97.5785	9.3744	1.78187	2.04426	96.3408
RE+3_R2_CH29_A	9.74393	247.367	96.5079	9.30393	1.86652	2.05532	95.4592
RE+3_R2_CH29_B	9.82945	237.325	94.4562	9.37945	0.494419	2.45931	93.4413
RE+3_R3_CH29_A	9.90284	221.318	99.1103	9.42284	0.418329	1.7639	97.767
RE+3_R3_CH29_B	9.83113	261.332	96.2415	9.40113	1.7485	1.69655	95.3483
RE+3_R3_CH29_C	9.82257	242.207	93.2127	9.38257	0.987974	1.82104	92.2602
RE+3_R2_CH18_A	9.76482	273.797	93.6691	9.35482	3.02344	1.96689	92.8997
RE+3_R2_CH18_B	9.75344	267.56	91.7199	9.34344	1.20757	1.80303	90.9594
RE+3_R3_CH18_A	9.71938	279.208	92.369	9.31938	2.56179	1.48028	91.6417
RE+3_R3_CH18_B	9.77554	265.06	95.1302	9.35554	1.86445	1.63612	94.2564
RE+3_R3_CH18_C	9.69182	301.788	97.9081	9.30182	2.28926	1.6114	97.1156
RE+3_R2_CH24_A	9.77895	252.468	93.787	9.34895	1.72363	1.87748	92.8811
RE+3_R2_CH24_B	10.1444	216.263	95.2969	9.66441	1.07215	9.98E+011	94.0912
RE+3_R3_CH24_A	10.0086	212.1	87.9686	9.54863	0.180644	2.42123	86.9393
RE+3_R3_CH24_B	9.95246	237.51	90.7676	9.51246	0.981124	1.41304	89.869
RE+3_R3_CH24_C	9.88788	245.011	93.7643	9.44788	1.4909	1.52817	92.8302
RE+3_R2_CH30_A	9.89165	256.23	91.705	9.47165	2.42022	3.67E+010	90.8735
RE+3_R2_CH30_B	9.92993	260.372	96.1003	9.49993	1.38418	5.47E+020	95.1992
RE+3_R3_CH30_A	10.0056	213.429	83.1011	9.56563	2.10526	5.46E+011	82.2062
RE+3_R3_CH30_B	10.1004	199.197	87.9326	9.62039	1.0493	1.01E+012	86.8115
RE+3_R3_CH30_C	9.94426	234.112	93.303	9.49426	1.60867	1.86715	92.2945
RE-3_R2_CH01_A	9.6527	269.817	93.3152	9.2427	1.18225	2.27063	92.5084
RE-3_R2_CH01_B	9.63121	344.646	90.821	9.28121	1.30822	1.62831	90.3756
RE-3_R3_CH01_A	9.87439	222.799	86.4881	9.43439	1.25861	1.27306	85.5691
RE-3_R3_CH01_B	9.73522	288.389	93.2509	9.34522	3.61024	1.38861	92.508
RE-3_R3_CH01_C	9.70512	300.182	91.4026	9.32512	1.7862	1.48659	90.7859
RE-3_R2_CH07_A	9.65523	279.76	94.2546	9.25523	2.07598	1.64876	93.4453
RE-3_R2_CH07_B	9.70595	266.223	91.7405	9.29595	1.08013	1.84354	90.9607
RE-3_R3_CH07_A	9.94423	238.28	92.0245	9.50423	2.20861	1.36461	91.069
RE-3_R3_CH07_B	9.81326	293.6	96.1141	9.41326	0.762446	1.40939	95.3948
RE-3_R3_CH07_C	9.78476	274.088	88.6617	9.39476	3.48556	1.59432	87.9541
RE-3_R2_CH31_A	10.0225	224.116	88.0953	9.58247	0.119549	1.67952	87.1056
RE-3_R2_CH31_B	10.0237	227.352	89.0284	9.58366	0.694092	3.72E+011	88.0449
RE-3_R3_CH31_A	9.7304	282.655	92.9719	9.3304	1.75081	1.57313	92.2599
RE-3_R3_CH31_B	9.73565	308.858	97.1022	9.34565	2.36368	1.45714	96.4273
RE-3_R3_CH31_C	9.63235	351.204	96.8511	9.27235	0.46378	1.46831	96.3311
RE-3_R2_CH02_A	9.71066	303.357	95.7257	9.32066	2.49401	1.69554	95.0482
RE-3_R2_CH02_B	9.69257	326.555	91.7995	9.33257	1.89959	1.76005	91.2555
RE-3_R3_CH02_A	9.83326	228.566	95.4625	9.37326	0.746884	1.64825	94.311
RE-3_R3_CH02_B	9.80215	266.365	94.1887	9.38215	1.86177	1.57859	93.3816
RE-3_R3_CH02_C	9.66749	315.483	98.2393	9.28749	1.33284	1.62117	97.4996
RE-3_R2_CH08_A	9.77322	289.07	90.3508	9.38322	1.58342	1.65696	89.7408
RE-3_R2_CH08_B	9.86309	229.723	88.2558	9.42309	0.945638	1.94827	87.361
RE-3_R3_CH08_A	9.86731	186.506	73.5677	9.41731	0.755548	2.2689	72.8085
RE-3_R3_CH08_B	9.85779	244.959	89.1564	9.43779	1.1414	1.31802	88.2829
RE-3_R3_CH08_C	9.75258	291.345	95.3833	9.35258	0.68121	1.44119	94.6692
RE-3_R2_CH32_A	9.799	293.018	90.3898	9.419	1.80435	-2.80E+007	89.7396
RE-3_R2_CH32_B	9.74848	323.839	95.3328	9.37848	2.1711	1.6889	94.7119
RE-3_R3_CH32_A	9.87175	238.973	85.1924	9.45175	0.80585	1.11074	84.4341
RE-3_R3_CH32_B	10.0429	247.847	97.6808	9.59293	0.718292	1.40604	96.6766
RE-3_R3_CH32_C	9.79477	320.609	96.3736	9.41477	1.03233	1.57397	95.7639
RE-3_R2_CH03_A	9.6869	278.175	94.1472	9.2869	2.41809	1.7572	93.3215
RE-3_R2_CH03_B	9.64023	306.45	92.3558	9.26023	1.53534	2.20949	91.7638
RE-3_R3_CH03_A	9.90136	201.971	91.1215	9.41136	1.88013	1.53787	89.9539
RE-3_R3_CH03_B	9.78707	272.805	95.9598	9.37707	1.53882	1.49108	95.062
RE-3_R3_CH03_C	9.79841	246.105	94.8365	9.35841	2.43876	1.61507	93.8616
RE-3_R2_CH09_A	9.70594	296.384	93.4378	9.31594	2.75008	1.55922	92.7795
RE-3_R2_CH09_B	9.75905	277.938	86.0327	9.37905	0.618913	1.62542	85.4034
RE-3_R3_CH09_A	9.80125	230.456	94.3968	9.34125	1.1231	1.60796	93.3515
RE-3_R3_CH09_B	9.72465	309.502	94.5348	9.34465	1.63331	1.45875	93.8871
RE-3_R3_CH09_C	9.70408	277.577	93.7551	9.30408	1.41726	1.53203	92.9405
RE-3_R2_CH33_A	9.73093	297.161	96.5619	9.34093	1.5146	1.94898	95.7743
RE-3_R2_CH33_B	9.65411	338.365	94.1467	9.29411	0.677221	2.12083	93.6174
RE-3_R3_CH33_A	9.80718	266.986	85.5224	9.41718	1.92853	1.08E+016	84.8712
RE-3_R3_CH33_B	9.77865	312.243	95.0461	9.39865	3.81097	1.37669	94.4058
RE-3_R3_CH33_C	9.77166	276.415	94.3387	9.36166	2.27668	1.65259	93.5727
RE-3_R2_CH04_A	9.77744	272.048	92.8689	9.36744	3.41396	1.73907	92.114
RE-3_R2_CH04_B	9.91719	221.415	91.3092	9.45719	3.2179	2.01659	90.2673
RE-3_R3_CH04_A	9.83466	200.29	82.5741	9.37466	3.25334	1.60089	81.6331
RE-3_R3_CH04_B	9.93953	215.517	93.4875	9.46953	3.24802	1.55085	92.2772
RE-3_R3_CH04_C	9.75372	296.939	96.193	9.36372	1.97016	1.52014	95.4199
RE-3_R2_CH10_A	9.67769	298.839	92.5551	9.29769	1.74535	1.74469	91.8762
RE-3_R2_CH10_B	9.91759	199.729	94.8108	9.41759	1.49523	2.18657	93.4282
RE-3_R3_CH10_A	9.81392	269.122	88.1434	9.41392	2.5129	-1.19E+008	87.4823
RE-3_R3_CH10_B	9.86651	255.278	91.6943	9.44651	3.07293	1.5981	90.8489
RE-3_R3_CH10_C	9.69543	322.636	95.0174	9.32543	2.28412	1.51411	94.3973
RE-3_R2_CH34_A	9.85445	266.359	97.8869	9.42445	1.30348	1.7849	96.9872
RE-3_R2_CH34_B	9.96865	204.587	93.3617	9.47865	1.96684	1.9564	92.1057
RE-3_R3_CH34_A	9.81724	236.155	79.3136	9.41724	1.72591	1.39432	78.6427
RE-3_R3_CH34_B	9.8715	266.177	92.9279	9.4615	1.96467	1.58821	92.0883
RE-3_R3_CH34_C	9.74211	298.907	98.0734	9.34211	1.06169	1.86691	97.3313
RE-3_R2_CH05_A	9.75556	301.042	95.5279	9.36556	1.6973	1.55676	94.833
RE-3_R2_CH05_B	9.85059	199.878	89.4095	9.37059	1.23337	1.82072	88.2033
RE-3_R3_CH05_A	9.79967	242.427	91.0666	9.36967	1.67268	1.43722	90.1411
RE-3_R3_CH05_B	9.72062	315.562	95.5669	9.34062	2.01664	1.41181	94.9393
RE-3_R3_CH05_C	9.7398	289.757	90.4982	9.3598	1.70562	1.53385	89.8069
RE-3_R2_CH11_A	9.69859	280.199	95.0414	9.29859	1.97178	1.58942	94.1991
RE-3_R2_CH11_B	9.7018	273.423	90.9417	9.3018	1.05029	1.734	90.2071
RE-3_R3_CH11_A	9.78316	184.066	92.3572	9.26316	0.845211	1.70609	90.9173
RE-3_R3_CH11_B	9.69772	316.86	94.9233	9.31772	2.41879	1.43878	94.333
RE-3_R3_CH11_C	9.75945	289.609	95.0537	9.35945	1.63136	1.52824	94.3333
RE-3_R2_CH35_A	9.7891	251.923	95.6571	9.3591	2.65756	1.84106	94.6366
RE-3_R2_CH35_B	9.72081	287.597	93.1099	9.33081	3.00784	1.99245	92.3637
RE-3_R3_CH35_A	9.88676	229.083	91.0808	9.43676	2.5112	1.57704	90.1067
RE-3_R3_CH35_B	9.91469	280.405	97.3728	9.50469	0.860042	1.3103	96.5147
RE-3_R3_CH35_C	9.89216	258.148	95.0057	9.46216	1.11149	1.66366	94.1266
RE-3_R2_CH06_A	9.7989	268.613	95.5723	9.3789	0.743269	2.51337	94.7293
RE-3_R2_CH06_B	9.89189	222.436	88.4431	9.44189	0.899758	1.66852	87.497
RE-3_R3_CH06_A	9.74771	274.008	88.8977	9.35771	1.27335	1.54591	88.1781
RE-3_R3_CH06_B	9.7859	269.98	95.7969	9.3659	1.88913	1.54631	94.9626
RE-3_R3_CH06_C	9.67279	309.463	96.8358	9.28279	1.17937	1.57601	96.1782
RE-3_R2_CH12_A	9.7457	281.816	94.4964	9.3457	1.32297	1.73795	93.703
RE-3_R2_CH12_B	9.79556	276.735	90.7002	9.39556	1.83763	1.85905	90.0175
RE-3_R3_CH12_A	9.75323	253.227	89.8955	9.33323	1.91744	1.41893	89.1108
RE-3_R3_CH12_B	9.84296	243.187	94.5226	9.40296	0.982414	1.47024	93.5126
RE-3_R3_CH12_C	9.73718	287.144	97.493	9.33718	2.12092	1.51732	96.6251
RE-3_R2_CH36_A	9.69614	305.56	92.4868	9.31614	5.14831	1.88201	91.8811
RE-3_R2_CH36_B	9.73773	268.625	91.5199	9.32773	2.31443	-4.41E+006	90.7829
RE-3_R3_CH36_A	9.95213	214.89	85.4637	9.50213	0.889945	9.39E+009	84.5485
RE-3_R3_CH36_B	9.88868	253.705	91.0547	9.46868	1.26537	1.50316	90.2184
RE-3_R3_CH36_C	9.86306	254.683	93.8614	9.43306	1.29684	1.5461	92.9874
RE-2_R2_CH01_A	9.63531	251.125	97.2378	9.19531	0.423536	2.23978	96.2163
RE-2_R2_CH01_B	9.60566	288.921	96.5113	9.20566	1.68306	2.22086	95.7155
RE-2_R2_CH01_C	9.53398	277.316	98.9263	9.11398	1.35651	2.5139	98.043
RE-2_R3_CH01_B	9.65604	296.611	95.8261	9.26604	0.934159	1.84787	95.0658
RE-2_R3_CH01_C	9.65444	241.83	96.1861	9.20444	1.29044	2.22376	95.1556
RE-2_R2_CH07_A	9.68077	223.002	98.0945	9.20077	1.3454	2.16144	96.8627
RE-2_R2_CH07_B	9.64778	299.822	96.5535	9.25778	1.071	2.62965	95.7991
RE-2_R2_CH07_C	9.57216	298.902	99.142	9.17216	0.955261	2.28951	98.3516
RE-2_R3_CH07_B	9.64324	332.177	96.4721	9.27324	1.88249	1.61117	95.8852
RE-2_R3_CH07_C	9.58718	291.215	96.8317	9.18718	0.914878	1.78965	96.0506
RE-2_R2_CH31_A	9.68808	275.669	98.1004	9.26808	0.533029	2.08647	97.2344
RE-2_R2_CH31_B	9.62034	284.386	95.8506	9.22034	1.07943	2.22062	95.0261
RE-2_R2_CH31_C	9.67902	241.417	98.9435	9.21902	1.1754	2.73985	97.8451
RE-2_R3_CH31_B	9.6978	300.814	95.9491	9.3078	0.736883	1.71656	95.2334
RE-2_R3_CH31_C	9.61646	313.762	95.4838	9.23646	1.39016	2.0514	94.8414
RE-2_R2_CH02_A	9.64145	288.653	98.3056	9.23145	1.43307	2.07204	97.5154
RE-2_R2_CH02_B	9.65994	296.006	99.2047	9.25994	0.456677	2.29504	98.3739
RE-2_R2_CH02_C	9.61141	263.779	99.186	9.18141	2.65879	2.53549	98.1734
RE-2_R3_CH02_B	9.75345	278.32	97.7516	9.34345	1.89008	2.47574	96.8435
RE-2_R3_CH02_C	9.73427	276.528	98.2683	9.31427	0.930854	1.82109	97.4064
RE-2_R2_CH08_A	9.70483	247.406	95.7951	9.26483	0.867028	2.04283	94.7889
RE-2_R2_CH08_B	9.85618	226.674	98.8893	9.37618	1.20711	2.52697	97.6912
RE-2_R2_CH08_C	9.77809	262.855	99.3258	9.34809	0.69344	2.43175	98.289
RE-2_R3_CH08_B	9.75344	323.951	98.4371	9.37344	1.84704	1.61083	97.7798
RE-2_R3_CH08_C	9.70214	287.149	96.365	9.30214	2.30262	1.57852	95.5528
RE-2_R2_CH32_A	9.71348	256.505	97.9358	9.27348	0.803033	2.19979	96.9704
RE-2_R2_CH32_B	9.83744	143.091	64.1071	9.35744	1.08439	2.56241	63.2366
RE-2_R2_CH32_C	9.5686	322.113	99.6484	9.1886	0.363704	2.35556	98.9216
RE-2_R3_CH32_B	9.81428	131.949	44.9195	9.40428	0.968825	1.66356	44.5591
RE-2_R3_CH32_C	9.78665	253.169	97.5504	9.34665	1.52512	1.93033	96.5481
RE-2_R2_CH03_A	9.64002	280.53	98.2458	9.23002	0.902544	2.07708	97.3451
RE-2_R2_CH03_B	9.67208	289.525	95.8137	9.27208	0.83803	2.35978	95.0582
RE-2_R2_CH03_C	9.57848	295.546	98.9934	9.17848	2.14839	2.37893	98.1665
RE-2_R3_CH03_B	9.71859	300.718	95.8748	9.32859	0.565181	1.70833	95.1612
RE-2_R3_CH03_C	9.64945	318.109	96.3385	9.26945	1.60061	1.79973	95.7058
RE-2_R2_CH09_A	9.69153	220.424	97.9332	9.21153	1.42135	2.08356	96.6496
RE-2_R2_CH09_B	9.70335	218.036	96.7054	9.22335	0.792812	2.40964	95.4472
RE-2_R2_CH09_C	9.60541	259.643	98.6987	9.17541	4.1278	2.3257	97.6405
RE-2_R3_CH09_B	9.72955	246.323	95.6075	9.28955	2.29016	1.60879	94.5922
RE-2_R3_CH09_C	9.66271	281.618	96.272	9.25271	1.84872	1.59834	95.4841
RE-2_R2_CH33_A	9.70011	255.987	97.8389	9.26011	0.829095	2.26191	96.8699
RE-2_R2_CH33_B	9.67779	267.061	95.7858	9.25779	0.852734	2.19728	94.9087
RE-2_R2_CH33_C	9.63083	327.065	98.8984	9.25083	1.16246	2.27951	98.2539
RE-2_R3_CH33_B	9.78642	254.75	96.8926	9.35642	1.05584	1.71321	95.8512
RE-2_R3_CH33_C	9.63928	156.074	48.5678	9.25928	0.968436	1.58553	48.2033
RE-2_R2_CH04_A	9.81787	225.113	88.946	9.36787	2.82299	1.83537	88.021
RE-2_R2_CH04_B	9.84257	210.178	90.0947	9.37257	0.360229	1.94741	88.9865
RE-2_R2_CH04_C	9.73298	268.519	97.9796	9.31298	0.973282	1.85318	97.0085
RE-2_R3_CH04_B	9.82105	263.7	97.1987	9.39105	1.18181	1.67098	96.2929
RE-2_R3_CH04_C	9.86282	230.053	97.3605	9.39282	2.89993	1.91679	96.228
RE-2_R2_CH10_A	9.66956	244.296	95.7682	9.22956	2.09326	2.12273	94.7051
RE-2_R2_CH10_B	9.71169	228.723	98.3343	9.24169	1.197	2.56788	97.1092
RE-2_R2_CH10_C	9.58828	291.79	99.2785	9.17828	0.706062	2.36867	98.4842
RE-2_R3_CH10_B	9.68971	297.53	97.1771	9.28971	1.77477	1.98251	96.4579
RE-2_R3_CH10_C	9.63888	283.739	98.3367	9.22888	3.03353	1.93212	97.4781
RE-2_R2_CH34_A	9.67838	293.577	97.2708	9.27838	1.44273	2.02056	96.4994
RE-2_R2_CH34_B	9.66261	285.74	98.1162	9.25261	0.878583	2.16786	97.2961
RE-2_R2_CH34_C	9.54139	309.429	99.6552	9.15139	2.02812	2.15875	98.8763
RE-2_R3_CH34_B	9.73807	279.074	98.207	9.32807	4.21182	1.7995	97.2864
RE-2_R3_CH34_C	9.68905	293.437	98.7395	9.28905	5.44916	1.80692	97.8967
RE-2_R2_CH05_A	9.69142	262.641	98.1534	9.26142	1.7043	2.11948	97.179
RE-2_R2_CH05_B	9.67233	272.618	95.3683	9.26233	1.23442	1.97596	94.4985
RE-2_R2_CH05_C	9.6902	266.137	97.5937	9.2702	1.40194	2.3491	96.6043
RE-2_R3_CH05_B	9.67156	307.08	96.68	9.28156	0.595068	1.72208	96.0033
RE-2_R3_CH05_C	9.69164	261.45	96.7844	9.26164	2.42748	1.94215	95.8644
RE-2_R2_CH11_A	9.65819	240.378	97.6547	9.20819	1.09762	2.04487	96.5057
RE-2_R2_CH11_B	9.65803	295.506	96.5049	9.25803	1.1645	2.13332	95.7912
RE-2_R2_CH11_C	9.5845	330.103	99.1381	9.2045	1.17305	2.20739	98.5137
RE-2_R3_CH11_B	9.40705	538.559	43.8293	9.19705	3426.55	1.16933	43.8278
RE-2_R3_CH11_C	10.0413	23010.4	1446.96	9.8413	2320.01	3.55163	1446.96
RE-2_R2_CH35_A	9.75049	241.149	97.4403	9.30049	0.979107	2.2355	96.3206
RE-2_R2_CH35_B	9.6838	253.656	96.0482	9.2538	2.15956	2.36253	95.0362
RE-2_R2_CH35_C	9.64961	259.508	98.5913	9.21961	1.60389	2.48138	97.537
RE-2_R3_CH35_B	9.96962	213.359	97.4714	9.47962	1.32996	2.09607	96.154
RE-2_R3_CH35_C	9.81753	236.2	96.3386	9.35753	2.18226	2.15175	95.2919
RE-2_R2_CH06_A	9.66488	274.699	97.6762	9.24488	2.03659	1.77782	96.8171
RE-2_R2_CH06_B	9.64319	298.822	98.0942	9.24319	1.22936	1.91774	97.3502
RE-2_R2_CH06_C	9.54618	351.828	98.664	9.18618	1.29673	1.86146	98.0865
RE-2_R3_CH06_B	9.78341	253.876	98.2513	9.34341	1.61052	1.76084	97.2216
RE-2_R3_CH06_C	9.76578	249.125	98.7944	9.31578	2.64084	1.99959	97.75
RE-2_R2_CH12_A	9.62813	261.886	94.5435	9.20813	1.18359	2.09345	93.6513
RE-2_R2_CH12_B	9.63459	259.231	98.4835	9.20459	1.43999	2.26521	97.4304
RE-2_R2_CH12_C	9.52756	251.053	99.4388	9.07756	1.05995	2.49613	98.3933
RE-2_R3_CH12_B	9.78785	266.555	95.0134	9.36785	2.86801	1.47888	94.1681
RE-2_R3_CH12_C	9.72821	264.5	97.0539	9.29821	2.29653	2.4195	96.1682
RE-2_R2_CH36_A	9.62682	237.514	92.5069	9.18682	0.616722	1.89351	91.5093
RE-2_R2_CH36_B	9.6381	295.908	96.551	9.2381	2.29392	2.02706	95.84
RE-2_R2_CH36_C	9.58732	313.787	96.2719	9.20732	2.3825	2.1459	95.5977
RE-2_R3_CH36_B	9.86805	236.428	99.2719	9.40805	1.21616	1.85643	98.0465
RE-2_R3_CH36_C	9.80689	231.541	96.9318	9.34689	1.33506	1.76348	95.7506
RE-1_R2_CH01_A	9.58544	348.057	98.6794	9.22544	2.03857	1.82059	98.0688
RE-1_R2_CH01_B	9.61668	335.318	98.7495	9.24668	1.18415	1.96814	98.1051
RE-1_R2_CH01_C	9.64668	324.853	97.8729	9.26668	4.59891	2.134	97.2465
RE-1_R3_CH01_A	9.61176	368.866	97.6582	9.26176	0.494419	1.5819	97.1673
RE-1_R3_CH01_B	9.60577	307.852	95.8599	9.22577	1.91489	1.58319	95.1382
RE-1_R3_CH01_C	9.62856	353.071	98.4309	9.26856	1.5953	1.88645	97.8719
RE-1_R2_CH07_A	9.52135	315.233	98.6774	9.13135	1.4975	1.58119	98.0061
RE-1_R2_CH07_B	9.57002	286.316	99.0263	9.16002	1.10521	1.92066	98.17
RE-1_R2_CH07_C	9.57556	301.266	99.0891	9.17556	2.3586	2.65517	98.3305
RE-1_R3_CH07_A	9.75097	207.539	99.6879	9.24097	0.290759	1.84605	98.2819
RE-1_R3_CH07_B	9.5661	310.16	97.3176	9.1761	0.647784	1.75886	96.6478
RE-1_R3_CH07_C	9.5976	344.944	98.729	9.2276	2.55081	1.93619	98.1714
RE-1_R2_CH31_A	9.80656	267.552	96.5715	9.38656	3.04014	2.04746	95.6609
RE-1_R2_CH31_B	9.7799	277.261	94.891	9.3699	1.74936	1.6836	94.1102
RE-1_R2_CH31_C	9.81905	255.593	95.737	9.38905	2.26894	1.74075	94.7767
RE-1_R3_CH31_A	10.0534	206.19	104.068	9.52339	0.445504	2.4943	102.531
RE-1_R3_CH31_B	10.0098	237.489	96.6408	9.55976	0.647567	1.55E+009	95.4954
RE-1_R3_CH31_C	9.93983	253.329	87.6907	9.52983	1.77634	2.08E+016	86.9294
RE-1_R2_CH02_A	9.66865	339.962	98.761	9.29865	0.969552	1.82904	98.1593
RE-1_R2_CH02_B	9.66161	269.54	98.8217	9.24161	0.969038	2.22104	97.8208
RE-1_R2_CH02_C	9.65217	294.915	99.2339	9.25217	1.8829	2.69655	98.387
RE-1_R3_CH02_A	9.51409	420.979	98.254	9.18409	0.222937	1.41093	97.9115
RE-1_R3_CH02_B	9.66848	323.269	98.6187	9.28848	1.91465	1.65755	97.9471
RE-1_R3_CH02_C	9.6708	346.339	98.4072	9.3108	1.76313	2.0264	97.7916
RE-1_R2_CH08_A	9.51015	310.891	98.8411	9.12015	0.311065	1.95609	98.1154
RE-1_R2_CH08_B	9.49692	254.055	99.4845	9.05692	1.25835	2.3606	98.3855
RE-1_R2_CH08_C	9.535	264.389	99.6485	9.105	1.87675	2.32619	98.6203
RE-1_R3_CH08_A	9.4637	405.874	98.2456	9.1337	0.577563	1.35845	97.8266
RE-1_R3_CH08_B	9.51441	333.928	98.733	9.14441	0.765821	1.60578	98.0758
RE-1_R3_CH08_C	9.61272	299.919	99.6015	9.21272	1.38768	1.87951	98.8028
RE-1_R2_CH32_A	9.5601	369.605	98.2786	9.2101	1.22755	1.53488	97.7732
RE-1_R2_CH32_B	9.58059	352.85	99.4904	9.22059	1.69723	1.86283	98.8917
RE-1_R2_CH32_C	9.59338	343.415	99.2375	9.22338	1.35363	1.88861	98.6489
RE-1_R3_CH32_A	9.86929	101.219	50.0384	9.34929	0.899829	1.96228	49.3045
RE-1_R3_CH32_B	9.74487	139.879	45.1463	9.35487	1.75373	1.81274	44.7898
RE-1_R3_CH32_C	9.86316	274.664	98.821	9.44316	2.01232	1.9714	97.9029
RE-1_R2_CH03_A	9.56053	358.744	99.0293	9.20053	2.46368	1.76261	98.4949
RE-1_R2_CH03_B	9.64739	334.168	99.4651	9.27739	2.81812	2.00115	98.7808
RE-1_R2_CH03_C	9.76054	295.006	98.9813	9.36054	2.98333	2.18634	98.1479
RE-1_R3_CH03_A	9.61235	310.566	97.5062	9.22235	0.500655	1.49489	96.833
RE-1_R3_CH03_B	9.64196	328.459	98.2375	9.26196	4.02673	1.56725	97.6316
RE-1_R3_CH03_C	9.6327	342.157	98.0353	9.2627	2.3226	1.7234	97.4786
RE-1_R2_CH09_A	9.56632	278.407	99.0905	9.14632	0.765518	1.83744	98.215
RE-1_R2_CH09_B	9.51649	358.316	98.7444	9.15649	2.14886	1.82557	98.2162
RE-1_R2_CH09_C	9.57387	311.849	99.0135	9.18387	2.72899	2.07107	98.2912
RE-1_R3_CH09_A	9.56676	213.983	97.919	9.07676	0.420572	1.747	96.5862
RE-1_R3_CH09_B	9.61057	267.03	98.9519	9.18057	1.18652	1.86162	98.0069
RE-1_R3_CH09_C	9.5883	301.316	98.5381	9.1883	0.571851	1.96617	97.8043
RE-1_R2_CH33_A	9.69547	334.195	98.728	9.32547	2.64446	1.65555	98.0737
RE-1_R2_CH33_B	9.6197	346.022	98.5043	9.2597	0.845593	1.81438	97.8822
RE-1_R2_CH33_C	9.67709	300.01	98.8966	9.27709	2.05246	2.33217	98.1312
RE-1_R3_CH33_A	9.62522	298.222	95.8808	9.23522	0.299154	1.5054	95.1376
RE-1_R3_CH33_B	9.73608	299.573	98.7833	9.33608	1.20771	1.67197	98.0177
RE-1_R3_CH33_C	9.68311	315.118	98.2248	9.30311	1.70929	1.65766	97.4815
RE-1_R2_CH04_A	9.66272	280.569	99.2886	9.24272	1.15428	1.95577	98.4347
RE-1_R2_CH04_B	9.65298	329.15	98.7256	9.27298	2.01222	2.03044	98.1078
RE-1_R2_CH04_C	9.69289	314.002	98.9583	9.30289	2.99855	2.28642	98.2623
RE-1_R3_CH04_A	9.55762	305.421	98.2389	9.16762	0.0744489	1.9504	97.4758
RE-1_R3_CH04_B	9.58554	378.77	98.7139	9.23554	1.07199	1.4924	98.2575
RE-1_R3_CH04_C	9.68471	295.746	98.3125	9.28471	1.29484	1.97666	97.5204
RE-1_R2_CH10_A	9.59964	322.771	97.9549	9.21964	2.50131	1.72293	97.3048
RE-1_R2_CH10_B	9.5707	379.754	98.961	9.2207	0.733428	1.96048	98.5037
RE-1_R2_CH10_C	9.66313	296.125	99.0177	9.26313	2.98362	2.71158	98.1974
RE-1_R3_CH10_A	18.2522	-6.86E-008	-1.03E-006	18.1022	8.27E-017	-1.63E-010	-5.26E-007
RE-1_R3_CH10_B	18.2522	-6.86E-008	-1.03E-006	18.1022	8.27E-017	-1.63E-010	-5.26E-007
RE-1_R3_CH10_C	18.2522	-6.86E-008	-1.03E-006	18.1022	8.27E-017	-1.63E-010	-5.26E-007
RE-1_R2_CH34_A	9.71309	311.95	98.6384	9.32309	1.50374	1.92433	97.9332
RE-1_R2_CH34_B	9.67204	331.668	99.3496	9.29204	1.82133	2.08079	98.732
RE-1_R2_CH34_C	9.76682	292.563	99.8162	9.35682	3.8463	2.45103	99.007
RE-1_R3_CH34_A	9.74812	275.341	99.7622	9.32812	0.16039	1.60448	98.8048
RE-1_R3_CH34_B	9.76797	305.373	97.2791	9.37797	1.0344	1.79752	96.558
RE-1_R3_CH34_C	9.83086	252.063	96.5004	9.39086	2.7953	2.22136	95.5374
RE-1_R2_CH05_A	9.48753	351.43	99.2091	9.12753	1.14877	1.7302	98.6085
RE-1_R2_CH05_B	9.51011	359.136	99.1403	9.15011	1.32658	1.80964	98.6051
RE-1_R2_CH05_C	9.53542	312.961	99.369	9.14542	7.32919	2.03449	98.6441
RE-1_R3_CH05_A	9.94905	200.725	102.93	9.41905	0.280305	1.91158	101.307
RE-1_R3_CH05_B	9.62101	335.75	97.5863	9.25101	1.1478	1.70247	96.9902
RE-1_R3_CH05_C	9.65789	355.823	98.5339	9.29789	1.68129	2.00259	97.9933
RE-1_R2_CH11_A	9.51246	315.933	99.564	9.12246	1.39868	1.73968	98.8638
RE-1_R2_CH11_B	9.48193	358.707	99.0204	9.12193	1.2009	1.83707	98.486
RE-1_R2_CH11_C	9.52084	355.744	99.5835	9.16084	1.66732	1.91537	99.0059
RE-1_R3_CH11_A	9.54913	420.477	98.2672	9.21913	0.40879	1.30468	97.9221
RE-1_R3_CH11_B	9.58206	317.384	98.3367	9.20206	1.56086	1.57138	97.6141
RE-1_R3_CH11_C	9.60223	362.033	98.3243	9.25223	2.59373	1.8289	97.7601
RE-1_R2_CH35_A	9.60578	327.987	99.0407	9.22578	1.51609	1.70437	98.3997
RE-1_R2_CH35_B	9.5688	345.175	98.6808	9.1988	1.46202	1.809	98.1268
RE-1_R2_CH35_C	9.61053	328.723	98.7185	9.23053	2.65945	1.96172	98.0969
RE-1_R3_CH35_A	9.70676	346.245	93.5401	9.35676	0.339408	1.27961	93.0178
RE-1_R3_CH35_B	9.66888	299.61	98.1463	9.26888	0.810006	1.68821	97.4095
RE-1_R3_CH35_C	9.67597	283.122	98.6151	9.26597	1.86533	1.85092	97.7336
RE-1_R2_CH06_A	9.56098	330.295	98.7725	9.18098	0.547172	1.78652	98.1637
RE-1_R2_CH06_B	9.58576	290.874	99.2821	9.17576	0.684599	2.02048	98.4755
RE-1_R2_CH06_C	9.54862	294.821	99.4528	9.14862	2.59648	2.00108	98.5939
RE-1_R3_CH06_A	9.54519	304.877	97.5466	9.15519	0.395197	1.53438	96.808
RE-1_R3_CH06_B	9.6103	330.271	98.7126	9.2303	1.88294	1.58624	98.1058
RE-1_R3_CH06_C	9.59717	338.823	98.8776	9.22717	0.611742	1.69575	98.2612
RE-1_R2_CH12_A	9.50111	331.414	99.3518	9.12111	1.56446	1.68635	98.7318
RE-1_R2_CH12_B	9.55248	292.806	99.2196	9.15248	1.87366	2.1355	98.3444
RE-1_R2_CH12_C	9.52136	307.086	99.2532	9.13136	2.01956	2.10943	98.4641
RE-1_R3_CH12_A	9.6054	266.95	97.4942	9.1854	0.635458	1.63532	96.524
RE-1_R3_CH12_B	9.56658	334.512	98.9132	9.19658	0.559798	1.77358	98.2546
RE-1_R3_CH12_C	9.67427	259.808	98.5127	9.24427	4.23871	1.98271	97.4684
RE-1_R2_CH36_A	9.59648	363.682	99.0367	9.23648	1.47863	1.72268	98.5389
RE-1_R2_CH36_B	9.62533	336.26	98.9814	9.25533	1.24912	1.95927	98.337
RE-1_R2_CH36_C	9.64637	338.476	99.071	9.27637	2.21011	2.17739	98.4441
RE-1_R3_CH36_A	9.63712	351.919	95.9585	9.27712	0.521	1.58285	95.4729
RE-1_R3_CH36_B	9.77636	296.136	99.223	9.37636	2.03426	1.70731	98.393
RE-1_R3_CH36_C	9.75075	303.493	98.3574	9.36075	2.11493	1.77579	97.5653
RE+1_R2_CH01_A	9.54451	297.858	99.1355	9.14451	0.50626	1.8357	98.3321
RE+1_R2_CH01_B	9.65714	281.657	98.8529	9.24714	0.953463	1.93035	97.9376
RE+1_R2_CH01_C	9.66259	279.323	98.6276	9.25259	2.01398	2.06485	97.6885
RE+1_R3_CH01_A	9.6219	315.122	98.4205	9.2419	0.383356	1.71407	97.6686
RE+1_R3_CH01_B	9.63035	303.218	96.9791	9.24035	1.74131	1.55623	96.2461
RE+1_R3_CH01_C	9.67077	329.677	98.6608	9.29077	1.39283	2.29945	98.0504
RE+1_R2_CH07_A	9.57837	313.421	99.3655	9.18837	3.02686	1.79254	98.6459
RE+1_R2_CH07_B	9.55789	352.097	98.8742	9.19789	1.50395	2.14892	98.2915
RE+1_R2_CH07_C	9.57923	336.236	99.3909	9.20923	2.98095	1.83959	98.7302
RE+1_R3_CH07_A	9.51451	357.702	96.3379	9.16451	0.655879	1.79082	95.8084
RE+1_R3_CH07_B	9.60872	326.88	98.6507	9.22872	2.17093	1.69028	98.0139
RE+1_R3_CH07_C	9.62075	336.122	99.2088	9.25075	2.7826	1.77094	98.5541
RE+1_R2_CH31_A	9.6667	314.434	99.1608	9.2767	1.50694	2.28005	98.461
RE+1_R2_CH31_B	9.62224	361.124	98.9075	9.26224	0.856987	1.91708	98.3951
RE+1_R2_CH31_C	9.68823	328.132	98.9486	9.30823	1.93569	2.00222	98.3126
RE+1_R3_CH31_A	9.64238	296.587	97.3541	9.24238	0.306391	1.52992	96.616
RE+1_R3_CH31_B	9.7368	256.591	99.2375	9.2968	0.780279	1.68533	98.2006
RE+1_R3_CH31_C	9.69446	338.805	99.0688	9.32446	1.89651	1.91169	98.445
RE+1_R2_CH02_A	9.59706	319.314	98.6297	9.21706	1.24626	1.73655	97.9157
RE+1_R2_CH02_B	9.59555	374.268	99.5219	9.24555	2.03179	1.68697	99.01
RE+1_R2_CH02_C	9.62399	325.803	99.232	9.24399	2.11411	1.99466	98.5616
RE+1_R3_CH02_A	9.63975	364.909	96.5162	9.28975	0.248914	1.48776	96.0335
RE+1_R3_CH02_B	9.67114	329.898	99.1373	9.29114	2.19007	1.57779	98.511
RE+1_R3_CH02_C	9.68199	351.969	98.9786	9.32199	1.38898	2.02099	98.391
RE+1_R2_CH08_A	9.56534	323.998	98.8942	9.18534	0.455479	1.98161	98.219
RE+1_R2_CH08_B	9.61035	277.269	99.4003	9.19035	1.09681	1.98164	98.4921
RE+1_R2_CH08_C	9.59727	311.842	98.9904	9.20727	3.19042	1.90043	98.269
RE+1_R3_CH08_A	9.5415	312.286	98.1212	9.1515	0.311411	1.67607	97.4413
RE+1_R3_CH08_B	9.56878	340.653	98.4774	9.19878	1.34928	1.70965	97.8921
RE+1_R3_CH08_C	9.55951	398.657	98.9202	9.21951	1.45146	1.77956	98.5098
RE+1_R2_CH32_A	9.65254	344.081	98.8902	9.28254	0.826553	1.8674	98.3197
RE+1_R2_CH32_B	9.6294	311.676	99.3993	9.2394	0.953605	1.94562	98.6584
RE+1_R2_CH32_C	9.61694	332.449	99.3838	9.23694	2.92945	2.17081	98.7723
RE+1_R3_CH32_A	9.70494	262.769	98.9835	9.27494	0.345791	1.81828	97.9648
RE+1_R3_CH32_B	9.65642	402.206	98.451	9.31642	1.31573	1.76356	98.072
RE+1_R3_CH32_C	9.75044	327.994	99.3578	9.37044	1.79001	1.95922	98.7044
RE+1_R2_CH03_A	9.60286	281.562	99.2792	9.19286	0.427896	1.66866	98.34
RE+1_R2_CH03_B	9.62786	296.791	99.173	9.22786	1.06941	1.84307	98.3541
RE+1_R2_CH03_C	9.58765	295.961	99.1413	9.18765	2.30673	1.81079	98.3129
RE+1_R3_CH03_A	9.74915	259.12	98.6084	9.30915	0.399512	1.87428	97.6509
RE+1_R3_CH03_B	9.79328	308.823	98.5647	9.40328	2.17196	1.72604	97.8273
RE+1_R3_CH03_C	9.75827	510.866	98.7392	9.45827	12.1115	1.81025	98.5409
RE+1_R2_CH09_A	9.58299	325.326	99.1252	9.20299	1.08781	1.7694	98.4542
RE+1_R2_CH09_B	9.6599	301.569	98.1848	9.2699	1.02228	1.95773	97.3765
RE+1_R2_CH09_C	9.64295	332.867	98.9136	9.27295	3.14788	1.94828	98.2387
RE+1_R3_CH09_A	9.77332	228.369	99.5353	9.29332	0.560575	1.7109	98.3342
RE+1_R3_CH09_B	9.69829	314.77	97.9722	9.31829	2.50132	1.61645	97.2361
RE+1_R3_CH09_C	9.69476	309.811	99.2655	9.30476	1.87476	1.96071	98.5087
RE+1_R2_CH33_A	9.75792	300.955	99.8643	9.35792	2.89913	1.80687	99.0666
RE+1_R2_CH33_B	9.69214	321.964	98.9522	9.31214	1.26608	2.04876	98.2532
RE+1_R2_CH33_C	9.68697	327.789	99.5981	9.30697	3.30395	2.17247	98.9331
RE+1_R3_CH33_A	10.0067	225.48	99.9645	9.52666	0.634191	1.35283	98.6663
RE+1_R3_CH33_B	9.98377	224.557	96.6896	9.51377	1.34878	1.57E+017	95.4771
RE+1_R3_CH33_C	9.93029	265.832	92.3188	9.52029	0.897154	3.48E+016	91.505
RE+1_R2_CH04_A	9.6489	184.331	99.2654	9.0989	2.29966	2.09872	97.6236
RE+1_R2_CH04_B	9.63355	226.473	99.551	9.15355	0.953014	2.43393	98.3047
RE+1_R2_CH04_C	9.63936	242.889	99.2231	9.17936	2.01567	2.52052	98.1374
RE+1_R3_CH04_A	9.54476	411.06	97.7404	9.21476	0.636216	1.40336	97.3625
RE+1_R3_CH04_B	9.72786	266.576	99.6677	9.29786	1.24129	1.64741	98.6762
RE+1_R3_CH04_C	9.73202	201.822	68.166	9.33202	1.84399	1.52252	67.5738
RE+1_R2_CH10_A	9.63386	297.688	98.8349	9.23386	1.78741	1.78144	98.0433
RE+1_R2_CH10_B	9.58059	304.835	98.6392	9.19059	1.43104	2.31057	97.8507
RE+1_R2_CH10_C	9.54077	333.319	98.9676	9.17077	2.66849	2.16415	98.295
RE+1_R3_CH10_A	9.54611	326.836	95.4487	9.17611	0.239559	-17.3157	94.8515
RE+1_R3_CH10_B	9.61596	318.805	96.5069	9.23596	1.58383	1.43077	95.8745
RE+1_R3_CH10_C	9.65632	327.008	98.6626	9.27632	1.99614	1.72241	98.0267
RE+1_R2_CH34_A	9.71269	306.073	98.9842	9.32269	1.55861	1.94585	98.1951
RE+1_R2_CH34_B	9.68284	287.767	99.6825	9.27284	2.08387	2.20504	98.8141
RE+1_R2_CH34_C	9.74969	268.904	98.7066	9.31969	4.83407	2.41261	97.8042
RE+1_R3_CH34_A	9.62774	398.543	95.9484	9.29774	0.298933	-1.00E+018	95.5511
RE+1_R3_CH34_B	9.70757	310.249	98.5877	9.31757	1.15528	1.54835	97.8656
RE+1_R3_CH34_C	9.74421	338.934	99.0119	9.37421	1.23165	1.70475	98.3914
RE+1_R2_CH05_A	9.60688	256.857	99.03	9.16688	0.945387	1.81944	98.0097
RE+1_R2_CH05_B	9.65167	309.083	98.2569	9.26167	2.16262	1.92756	97.5359
RE+1_R2_CH05_C	9.693	294.003	99.0175	9.293	1.79477	2.07409	98.1688
RE+1_R3_CH05_A	9.53711	445.728	97.932	9.21711	0.436353	1.48471	97.6439
RE+1_R3_CH05_B	9.66127	314.282	99.0594	9.27127	1.44729	1.69073	98.3622
RE+1_R3_CH05_C	9.65105	361.653	99.5227	9.29105	1.76215	1.93401	98.9942
RE+1_R2_CH11_A	18.2522	-6.86E-008	-1.03E-006	18.1022	8.27E-017	-1.63E-010	-5.26E-007
RE+1_R2_CH11_B	18.2522	-6.86E-008	-1.03E-006	18.1022	8.27E-017	-1.63E-010	-5.26E-007
RE+1_R2_CH11_C	18.2522	-6.86E-008	-1.03E-006	18.1022	8.27E-017	-1.63E-010	-5.26E-007
RE+1_R3_CH11_A	9.42241	615.395	96.9713	9.15241	0.467353	1.46645	96.869
RE+1_R3_CH11_B	9.52811	357.435	97.9035	9.16811	0.796368	1.65342	97.3961
RE+1_R3_CH11_C	9.56387	349.322	98.6241	9.20387	2.13127	1.91733	98.0267
RE+1_R2_CH35_A	9.69725	298.08	98.2289	9.29725	1.86783	1.60807	97.4699
RE+1_R2_CH35_B	9.67026	298.349	98.5802	9.27026	3.28801	1.99619	97.8086
RE+1_R2_CH35_C	9.73588	252.042	99.0765	9.29588	3.30633	1.95343	97.9633
RE+1_R3_CH35_A	9.72161	277.358	98.8893	9.30161	0.288439	1.55068	98.0085
RE+1_R3_CH35_B	9.77365	280.392	98.802	9.36365	0.732646	2.10102	97.8701
RE+1_R3_CH35_C	9.72448	352.824	97.6487	9.36448	2.14316	1.67059	97.1146
RE+1_R2_CH06_A	9.59653	303.308	99.2447	9.19653	1.55388	1.87439	98.5037
RE+1_R2_CH06_B	9.53759	325.181	85.2338	9.18759	1.2763	1.95225	84.8275
RE+1_R2_CH06_C	9.58617	279.328	99.2495	9.16617	2.26699	2.31063	98.3796
RE+1_R3_CH06_A	9.59235	388.594	98.5215	9.25235	0.33032	1.39234	98.0625
RE+1_R3_CH06_B	9.67031	324.697	98.7254	9.29031	1.92753	1.56992	98.0641
RE+1_R3_CH06_C	9.64885	313.928	98.4628	9.25885	1.11357	1.79544	97.7863
RE+1_R2_CH12_A	9.4986	310.562	99.0367	9.1086	2.59111	1.73406	98.2988
RE+1_R2_CH12_B	9.55162	270.749	98.629	9.13162	1.31831	2.17741	97.6588
RE+1_R2_CH12_C	9.51348	307.949	99.2514	9.12348	4.38001	2.07206	98.473
RE+1_R3_CH12_A	9.57686	307.289	98.6109	9.18686	0.374113	1.57757	97.8534
RE+1_R3_CH12_B	9.57511	342.657	99.6067	9.20511	2.06619	1.67257	98.9979
RE+1_R3_CH12_C	9.54447	359.773	99.0791	9.18447	1.64567	1.69821	98.551
RE+1_R2_CH36_A	18.2522	-6.86E-008	-1.03E-006	18.1022	8.27E-017	-1.63E-010	-5.26E-007
RE+1_R2_CH36_B	18.2522	-6.86E-008	-1.03E-006	18.1022	8.27E-017	-1.63E-010	-5.26E-007
RE+1_R2_CH36_C	18.2522	-6.86E-008	-1.03E-006	18.1022	8.27E-017	-1.63E-010	-5.26E-007
RE+1_R3_CH36_A	9.68059	334.117	98.3225	9.31059	0.360256	0.206174	97.6833
RE+1_R3_CH36_B	9.70835	337.492	98.5983	9.33835	2.52662	1.76439	97.9802
RE+1_R3_CH36_C	9.736	308.131	98.6886	9.346	3.42744	1.86609	97.9377
RE+2_R2_CH01_A	9.80637	207.636	91.5123	9.32637	3.52079	1.60201	90.3535
RE+2_R2_CH01_B	9.88396	189.346	93.0142	9.36396	2.15414	1.75862	91.6856
RE+2_R2_CH01_C	9.77423	231.775	96.9998	9.31423	0.726165	1.75695	95.8193
RE+2_R3_CH01_B	9.63555	316.937	96.0237	9.25555	1.41977	1.55702	95.3918
RE+2_R3_CH01_C	9.58119	300.994	95.2278	9.19119	1.61185	1.55145	94.5451
RE+2_R2_CH07_A	9.72929	236.05	98.2794	9.26929	1.06574	1.91917	97.11
RE+2_R2_CH07_B	9.6118	305.929	96.1097	9.2218	1.82689	1.8298	95.4441
RE+2_R2_CH07_C	9.61487	309.675	98.9348	9.22487	0.95371	1.97426	98.191
RE+2_R3_CH07_B	9.57368	350.495	97.6399	9.21368	2.08022	2.00939	97.0875
RE+2_R3_CH07_C	9.61282	291.729	96.2652	9.21282	0.893854	1.86483	95.5165
RE+2_R2_CH31_A	9.74819	241.316	98.522	9.28819	1.25727	1.89578	97.4469
RE+2_R2_CH31_B	9.62565	342.492	96.5537	9.26565	1.19429	1.9001	95.9732
RE+2_R2_CH31_C	9.58554	344.484	98.8834	9.21554	1.31096	1.93103	98.3166
RE+2_R3_CH31_B	9.70573	301.618	96.8603	9.31573	2.38129	1.72862	96.1137
RE+2_R3_CH31_C	9.69687	266.367	94.8788	9.27687	2.78729	2.34144	94.0375
RE+2_R2_CH02_A	9.64693	284.831	98.7139	9.23693	2.17607	1.84452	97.852
RE+2_R2_CH02_B	9.61922	284.607	99.2582	9.20922	1.77817	2.06991	98.3658
RE+2_R2_CH02_C	9.55439	372.127	99.2668	9.20439	1.29452	1.9671	98.7477
RE+2_R3_CH02_B	9.74388	294.696	98.5359	9.34388	1.50326	1.62467	97.7197
RE+2_R3_CH02_C	9.681	289.609	98.2918	9.281	2.95157	1.68428	97.4183
RE+2_R2_CH08_A	9.73999	227.962	99.1701	9.25999	3.81816	2.10036	97.9833
RE+2_R2_CH08_B	9.83398	233.142	95.2192	9.37398	2.00589	1.93968	94.1784
RE+2_R2_CH08_C	9.60891	328.918	99.3164	9.22891	1.10221	2.18531	98.6737
RE+2_R3_CH08_B	9.60056	364.256	99.0542	9.24056	2.95519	1.56857	98.5599
RE+2_R3_CH08_C	9.6375	247.99	97.7432	9.1875	2.3357	1.86472	96.738
RE+2_R2_CH32_A	9.73934	296.864	97.6176	9.33934	1.61364	1.64136	96.8711
RE+2_R2_CH32_B	9.64238	297.658	98.9123	9.24238	1.34468	1.83219	98.1168
RE+2_R2_CH32_C	9.58142	351.867	99.0755	9.22142	0.707005	1.79746	98.4835
RE+2_R3_CH32_B	9.76298	319.23	95.1883	9.39298	4.02649	1.7626	94.5276
RE+2_R3_CH32_C	9.74279	259.977	95.0841	9.32279	3.05842	1.70882	94.1317
RE+2_R2_CH03_A	10.0521	192.047	96.9497	9.52209	1.75869	1.85709	95.5166
RE+2_R2_CH03_B	9.81874	229.525	91.2922	9.36874	2.28257	1.70817	90.3142
RE+2_R2_CH03_C	9.86543	212.444	95.6625	9.37543	1.83512	2.00822	94.4467
RE+2_R3_CH03_B	9.71024	274.964	95.6032	9.30024	3.20113	1.63646	94.7557
RE+2_R3_CH03_C	9.66299	298.288	94.5604	9.27299	0.799033	1.68788	93.8759
RE+2_R2_CH09_A	9.70951	271.265	98.153	9.28951	1.65548	1.76097	97.217
RE+2_R2_CH09_B	9.61185	307.334	96.9946	9.22185	1.33513	1.9744	96.3076
RE+2_R2_CH09_C	9.59536	315.676	99.3374	9.20536	0.753817	2.11607	98.6438
RE+2_R3_CH09_B	9.68427	290.732	95.3814	9.28427	2.52949	1.53493	94.6601
RE+2_R3_CH09_C	9.61215	289.679	95.0837	9.21215	0.913606	1.75539	94.3629
RE+2_R2_CH33_A	9.69022	277.684	98.3258	9.27022	1.36623	1.86774	97.4779
RE+2_R2_CH33_B	9.58306	315.707	96.6571	9.20306	2.68845	1.87329	95.9871
RE+2_R2_CH33_C	9.5801	321.845	99.3186	9.2001	0.210853	1.99823	98.6029
RE+2_R3_CH33_B	10.0423	175.513	79.4666	9.55228	2.64042	9.85E+010	78.4327
RE+2_R3_CH33_C	10.0292	197.818	92.9453	9.52922	0.709142	1.55775	91.6467
RE+2_R2_CH04_A	9.66724	280.546	99.2765	9.24724	1.51227	1.79946	98.4228
RE+2_R2_CH04_B	9.63218	310.202	98.7711	9.24218	1.08823	1.92301	98.0406
RE+2_R2_CH04_C	9.63161	310.334	99.1393	9.24161	0.958719	2.16089	98.3943
RE+2_R3_CH04_B	9.61886	350.584	98.5883	9.25886	3.36662	1.50514	98.0031
RE+2_R3_CH04_C	9.59059	312.937	98.3517	9.20059	1.11545	1.65333	97.6692
RE+2_R2_CH10_A	9.66689	251.071	99.611	9.21689	2.6114	1.97528	98.5558
RE+2_R2_CH10_B	9.6891	254.557	99.2575	9.2491	2.17155	2.09315	98.1817
RE+2_R2_CH10_C	9.62823	302.547	98.6046	9.23823	1.56672	2.12338	97.7889
RE+2_R3_CH10_B	9.67634	308.176	97.6148	9.28634	4.83716	1.51856	96.911
RE+2_R3_CH10_C	9.70429	249.2	95.5274	9.26429	2.56344	1.74129	94.5685
RE+2_R2_CH34_A	9.68544	277.348	99.3334	9.26544	1.28271	1.70373	98.4298
RE+2_R2_CH34_B	9.62681	313.967	98.9464	9.23681	2.37065	1.82821	98.2505
RE+2_R2_CH34_C	9.56681	322.711	98.8499	9.18681	1.19911	1.92263	98.163
RE+2_R3_CH34_B	9.64259	344.082	99.1796	9.27259	1.9883	1.59677	98.5989
RE+2_R3_CH34_C	9.65839	300.348	98.5189	9.25839	2.61865	2.11845	97.7745
RE+2_R2_CH05_A	9.67021	246.13	95.6828	9.23021	2.35546	1.84006	94.6596
RE+2_R2_CH05_B	9.62503	278.532	97.0158	9.21503	1.13976	1.89564	96.1486
RE+2_R2_CH05_C	9.65892	281.406	98.9709	9.24892	0.574026	2.16718	98.0456
RE+2_R3_CH05_B	9.79845	247.289	94.648	9.35845	1.21744	1.72399	93.7046
RE+2_R3_CH05_C	9.72166	251.096	95.1523	9.29166	1.18788	1.81353	94.1463
RE+2_R2_CH11_A	9.6686	235.663	99.0652	9.2086	3.32398	1.90612	97.8363
RE+2_R2_CH11_B	9.71202	270.824	97.5384	9.29202	1.04431	1.87014	96.6279
RE+2_R2_CH11_C	9.61729	306.512	98.7329	9.22729	0.621646	1.93176	97.9606
RE+2_R3_CH11_B	9.73877	256.624	92.2232	9.31877	1.73323	1.56833	91.371
RE+2_R3_CH11_C	9.77195	213.287	93.2166	9.29195	1.50837	1.73591	92.0783
RE+2_R2_CH35_A	9.68831	273.846	98.046	9.26831	1.69376	1.94533	97.1555
RE+2_R2_CH35_B	9.65145	298.475	96.1734	9.26145	1.3872	1.94975	95.42
RE+2_R2_CH35_C	9.60057	305.907	99.0873	9.21057	1.73612	2.15048	98.2913
RE+2_R3_CH35_B	9.69457	295.792	96.9885	9.29457	1.58646	1.59492	96.257
RE+2_R3_CH35_C	9.62366	288.314	95.7373	9.22366	1.49587	1.62391	94.97
RE+2_R2_CH06_A	9.60181	344.019	99.0682	9.23181	1.81741	1.62215	98.4909
RE+2_R2_CH06_B	9.60316	367.426	98.7656	9.25316	1.82296	1.77678	98.2282
RE+2_R2_CH06_C	9.6403	343.856	98.3806	9.2703	1.85433	1.99519	97.8261
RE+2_R3_CH06_B	9.64817	295.951	98.6083	9.24817	1.18589	1.65283	97.805
RE+2_R3_CH06_C	9.57708	313.792	98.4959	9.18708	1.64474	1.77147	97.8167
RE+2_R2_CH12_A	9.65724	266.271	99.2206	9.22724	0.953808	1.83243	98.2486
RE+2_R2_CH12_B	9.67682	267.859	99.2271	9.24682	1.62022	2.03765	98.2808
RE+2_R2_CH12_C	9.58305	339.041	99.6448	9.21305	1.6848	2.02649	99.0011
RE+2_R3_CH12_B	9.64384	296.271	98.6965	9.24384	2.6718	1.67433	97.8932
RE+2_R3_CH12_C	9.53434	334.759	99.0075	9.16434	1.79873	1.70768	98.3475
RE+2_R2_CH36_A	9.46043	511.564	99.8244	9.16043	0.836886	1.5127	99.6117
RE+2_R2_CH36_B	9.67162	366.962	97.4433	9.32162	2.24429	1.59301	96.9458
RE+2_R2_CH36_C	9.63398	410.524	98.9126	9.30398	0.593539	1.5388	98.5013
RE+2_R3_CH36_B	9.7014	284.861	97.5373	9.2914	2.37263	1.72947	96.733
RE+2_R3_CH36_C	9.62066	319.823	99.207	9.24066	1.2888	1.86973	98.4738
RE+3_R2_CH01_A	9.74667	292.426	93.5092	9.35667	3.44329	1.7336	92.8032
RE+3_R2_CH01_B	9.76731	259.594	87.5221	9.36731	1.20406	1.87709	86.7682
RE+3_R3_CH01_A	9.89923	182.772	93.2651	9.36923	1.34666	1.79932	91.8242
RE+3_R3_CH01_B	9.69321	286.379	95.8184	9.29321	2.73819	1.5309	95.0222
RE+3_R3_CH01_C	9.63907	299.577	96.6534	9.24907	1.30526	1.85881	95.8915
RE+3_R2_CH07_A	9.74117	254.308	92.8151	9.32117	2.82951	1.86746	91.8943
RE+3_R2_CH07_B	9.82114	256.268	94.8338	9.39114	0.988802	2.27081	93.9338
RE+3_R3_CH07_A	9.70037	187.197	94.8941	9.17037	1.25009	1.91186	93.4672
RE+3_R3_CH07_B	9.69567	277.038	96.8946	9.28567	3.05622	1.60913	96.0117
RE+3_R3_CH07_C	9.68669	256.154	96.9906	9.25669	1.79454	2.0759	95.9689
RE+3_R2_CH31_A	9.68465	276.018	96.8804	9.27465	1.75157	1.92785	95.9831
RE+3_R2_CH31_B	9.75504	275.234	93.5984	9.34504	1.71599	2.03976	92.8513
RE+3_R3_CH31_A	9.77342	244.103	91.6154	9.34342	0.731374	1.71474	90.6881
RE+3_R3_CH31_B	9.67466	311.009	96.7188	9.29466	1.79763	1.66246	95.9951
RE+3_R3_CH31_C	9.67972	267.93	98.7704	9.24972	3.0345	2.20596	97.8494
RE+3_R2_CH02_A	9.65842	317.154	93.0475	9.28842	2.37072	1.71169	92.4517
RE+3_R2_CH02_B	9.75429	269.594	88.7398	9.35429	0.985787	1.93396	88.0579
RE+3_R3_CH02_A	9.71439	237.659	92.1817	9.27439	2.08338	1.77344	91.2059
RE+3_R3_CH02_B	9.80775	240.94	95.991	9.35775	2.55739	1.89404	94.955
RE+3_R3_CH02_C	9.67646	283.361	98.8804	9.26646	1.81228	1.9426	97.9889
RE+3_R2_CH08_A	9.72358	188.053	74.5748	9.27358	2.10427	2.07142	73.7865
RE+3_R2_CH08_B	9.90203	183.017	88.1675	9.39203	2.40204	1.66806	86.9086
RE+3_R3_CH08_A	9.77301	197.162	98.2378	9.25301	1.03511	2.10077	96.7496
RE+3_R3_CH08_B	9.75733	218.996	97.2386	9.27733	2.18958	1.68036	95.9675
RE+3_R3_CH08_C	9.61325	285.404	98.5157	9.20325	2.5483	1.75896	97.6716
RE+3_R2_CH32_A	9.79082	259.1	95.921	9.36082	2.39225	2.0021	95.009
RE+3_R2_CH32_B	9.82097	255.583	95.6496	9.39097	1.08333	-5.30E+013	94.6939
RE+3_R3_CH32_A	9.78876	190.953	90.5801	9.28876	2.16821	1.9822	89.2631
RE+3_R3_CH32_B	9.82519	251.968	96.2567	9.38519	2.59697	1.66174	95.3055
RE+3_R3_CH32_C	9.66948	285.066	99.6152	9.25948	0.969019	1.66612	98.7112
RE+3_R2_CH03_A	9.68876	287.692	95.8143	9.28876	2.04458	1.89168	95.0355
RE+3_R2_CH03_B	9.69386	282.272	95.0464	9.29386	0.417585	2.06651	94.2326
RE+3_R3_CH03_A	9.72969	246.342	97.3123	9.27969	1.55795	1.8128	96.3014
RE+3_R3_CH03_B	9.76997	235.509	97.0933	9.30997	2.15533	1.82338	95.9869
RE+3_R3_CH03_C	9.71184	246.072	97.3814	9.26184	0.302211	2.08005	96.3615
RE+3_R2_CH09_A	9.79305	250.739	96.6763	9.35305	2.14353	2.08303	95.68
RE+3_R2_CH09_B	9.78113	279.962	93.2514	9.38113	4.49658	2.07863	92.4929
RE+3_R3_CH09_A	9.5667	283.412	96.2318	9.1667	1.54581	1.9529	95.3748
RE+3_R3_CH09_B	9.55595	325.983	96.821	9.18595	2.56396	1.42674	96.1619
RE+3_R3_CH09_C	9.57102	313.659	97.1024	9.19102	1.34439	1.75939	96.3916
RE+3_R2_CH33_A	9.66719	314.106	95.3794	9.28719	2.62766	1.90553	94.7447
RE+3_R2_CH33_B	9.74135	280.335	94.3601	9.34135	1.26572	1.95622	93.5535
RE+3_R3_CH33_A	9.91497	158.637	92.3035	9.33497	1.69805	1.99736	90.6224
RE+3_R3_CH33_B	9.74131	212.377	92.3405	9.26131	3.65528	1.8173	91.238
RE+3_R3_CH33_C	9.77684	188.231	93.2645	9.25684	0.772196	2.04223	91.8838
RE+3_R2_CH04_A	9.82286	243.151	88.1795	9.40286	3.51967	1.54304	87.3298
RE+3_R2_CH04_B	9.99049	194.751	89.0547	9.50049	2.96751	1.92336	87.8463
RE+3_R3_CH04_A	9.74096	220.784	97.3287	9.26096	2.448	2.35464	96.0951
RE+3_R3_CH04_B	9.79756	216.307	95.9069	9.31756	1.56876	1.83768	94.6609
RE+3_R3_CH04_C	9.63931	256.268	99.1865	9.19931	1.02209	2.00108	98.1465
RE+3_R2_CH10_A	9.63519	257.61	98.2828	9.19519	1.94092	1.75543	97.3174
RE+3_R2_CH10_B	9.62137	279.909	95.357	9.21137	0.63189	1.94565	94.5894
RE+3_R3_CH10_A	9.64813	229.592	97.4875	9.17813	0.763509	1.96831	96.3369
RE+3_R3_CH10_B	9.73933	256.82	94.9217	9.30933	3.80321	1.73779	94.026
RE+3_R3_CH10_C	9.56846	333.304	98.1459	9.19846	1.14459	1.85794	97.5058
RE+3_R2_CH34_A	9.84049	255.829	95.1882	9.41049	0.676613	2.13561	94.2619
RE+3_R2_CH34_B	9.88734	224.281	96.6396	9.41734	1.87214	2.23301	95.424
RE+3_R3_CH34_A	9.68213	237.397	82.4245	9.27213	3.38556	1.71694	81.6987
RE+3_R3_CH34_B	9.81017	270.155	96.3364	9.39017	2.59712	1.54866	95.4777
RE+3_R3_CH34_C	9.70768	287.918	98.6866	9.29768	2.0371	1.79479	97.8687
RE+3_R2_CH05_A	9.75181	280.63	93.6044	9.35181	2.73301	1.89123	92.838
RE+3_R2_CH05_B	9.68897	296.003	92.4289	9.30897	1.5378	1.88768	91.7235
RE+3_R3_CH05_A	9.66719	239.999	95.1855	9.21719	1.12409	1.63145	94.1787
RE+3_R3_CH05_B	9.6399	291.202	95.9979	9.2399	1.75932	1.47695	95.2548
RE+3_R3_CH05_C	9.65241	220.098	79.2812	9.23241	0.447689	2.12757	78.5406
RE+3_R2_CH11_A	9.89328	210.081	94.0391	9.41328	2.17743	2.16463	92.7667
RE+3_R2_CH11_B	9.82608	258.898	92.7236	9.40608	2.27399	2.04013	91.8802
RE+3_R3_CH11_A	9.64286	261.928	93.2092	9.22286	1.86659	1.66312	92.3864
RE+3_R3_CH11_B	9.65655	290.186	96.3744	9.25655	3.64576	1.48081	95.6014
RE+3_R3_CH11_C	9.63255	253.293	97.5688	9.19255	2.50151	1.80047	96.5676
RE+3_R2_CH35_A	9.73591	241.348	93.4463	9.29591	2.63123	2.03617	92.465
RE+3_R2_CH35_B	9.71523	299.502	93.6219	9.32523	2.98208	2.02253	92.9894
RE+3_R3_CH35_A	9.66342	262.267	97.0115	9.23342	3.23711	1.76929	96.0927
RE+3_R3_CH35_B	9.68276	282.126	96.6466	9.27276	1.999	1.57726	95.8478
RE+3_R3_CH35_C	9.70428	253.115	97.5401	9.26428	2.10104	2.05803	96.5373
RE+3_R2_CH06_A	9.58444	326.763	98.4632	9.20444	1.96249	1.96281	97.8326
RE+3_R2_CH06_B	9.86887	218.31	97.1286	9.38887	1.47456	2.41944	95.8481
RE+3_R3_CH06_A	9.62303	247.9	97.4311	9.18303	1.22364	2.02096	96.3371
RE+3_R3_CH06_B	9.62236	309.954	98.2901	9.23236	3.70512	1.63795	97.5775
RE+3_R3_CH06_C	9.53439	349.585	98.3247	9.17439	0.642176	1.7803	97.7405
RE+3_R2_CH12_A	9.64415	281.275	97.8844	9.23415	1.24693	1.86297	97.0131
RE+3_R2_CH12_B	9.68979	286.506	97.039	9.28979	1.08752	1.90858	96.1849
RE+3_R3_CH12_A	9.65857	256.306	97.0013	9.22857	0.694081	1.68934	95.9817
RE+3_R3_CH12_B	9.72844	233.844	96.9099	9.26844	1.86203	1.73335	95.78
RE+3_R3_CH12_C	9.59536	297.967	98.382	9.19536	1.15861	1.94238	97.6147
RE+3_R2_CH36_A	9.62681	474.5	97.9627	9.31681	1.10342	1.38948	97.7219
RE+3_R2_CH36_B	9.93059	217.148	80.5987	9.50059	0.590315	1.98982	79.8231
RE+3_R3_CH36_A	9.95427	160.4	88.1124	9.39427	1.69197	1.79521	86.6441
RE+3_R3_CH36_B	9.60908	315.376	94.0422	9.23908	1.70248	1.43252	93.3894
RE+3_R3_CH36_C	9.49743	532.98	99.118	9.20743	1.82097	1.40895	98.9247
